Tree number	size	Clan 1	Clan 2	Clan 3	Clan 4	Clan 5	Clan 6	Clan 7	Clan 8	Clan 9	Clan 10	Clan 11	boot_average	boot_max	boot_min	boot_stdev
Tree 1	65	0	0	1	0	0	0	0	0	0	0	0	65.887100	99.000000	28.000000	21.527256
Tree 2	67	0	0	1	0	0	0	0	1	0	0	0	76.984375	100.000000	25.000000	22.330254
Tree 3	59	0	0	?	0	0	0	0	1	0	0	0	75.946426	100.000000	27.000000	21.310141
Tree 4	65	0	0	1	0	0	0	0	0	0	0	0	73.903229	100.000000	14.000000	24.119802
Tree 5	60	0	0	1	0	0	0	0	0	0	0	0	73.596489	100.000000	21.000000	27.116941
Tree 6	62	0	0	1	0	0	0	0	0	0	0	0	46.709091	100.000000	1.000000	29.678688
Tree 7	58	0	1	1	0	0	0	0	0	0	0	0	71.218185	100.000000	12.000000	27.556023
Tree 8	70	0	0	1	0	1	0	1	1	0	0	0	79.134331	100.000000	11.000000	22.657673
Tree 9	65	0	0	1	0	0	0	0	0	0	0	0	73.048386	100.000000	27.000000	25.243605
Tree 10	61	0	0	?	0	0	0	1	0	0	0	0	68.448273	100.000000	7.000000	28.088634
Tree 11	71	0	0	1	0	0	0	0	0	0	0	0	75.764709	100.000000	32.000000	21.109043
Tree 12	59	0	0	?	0	0	0	0	0	0	0	0	67.785713	100.000000	10.000000	23.048639
Tree 13	74	0	0	1	0	0	0	0	0	0	0	0	62.450703	100.000000	10.000000	25.712269
Tree 14	57	0	0	1	0	0	0	0	0	0	0	0	65.129631	100.000000	18.000000	24.826845
Tree 15	66	0	0	1	0	0	0	0	1	0	0	0	74.539680	100.000000	32.000000	20.972261
Tree 16	59	0	0	?	0	0	0	0	0	0	0	0	68.607140	100.000000	17.000000	23.537720
Tree 17	68	0	0	1	0	0	0	0	0	0	0	0	71.061539	100.000000	15.000000	24.207359
Tree 18	67	0	1	?	0	0	1	0	1	0	0	0	80.203125	100.000000	31.000000	22.099331
Tree 19	57	0	0	1	0	0	0	0	0	0	0	0	66.833336	100.000000	29.000000	24.355963
Tree 20	56	0	1	1	0	0	0	0	0	0	0	0	75.452827	100.000000	22.000000	23.191221
Tree 21	60	0	0	1	0	0	0	0	0	0	0	0	65.842102	100.000000	14.000000	24.801521
Tree 22	69	0	0	0	0	0	0	0	0	0	0	0	68.848488	100.000000	18.000000	22.981709
Tree 23	60	0	0	1	0	0	0	0	0	0	0	0	60.578949	100.000000	13.000000	24.931450
Tree 24	63	0	0	0	0	0	0	0	1	0	0	0	72.983330	100.000000	14.000000	23.281960
Tree 25	63	0	0	?	0	0	0	1	0	0	0	0	74.633331	100.000000	15.000000	21.026150
Tree 26	53	0	0	1	0	0	1	0	0	0	0	0	70.040001	100.000000	15.000000	23.273987
Tree 27	57	0	0	?	0	1	0	0	0	0	1	0	67.518517	100.000000	30.000000	21.618525
Tree 28	51	0	0	?	0	0	0	0	0	0	0	0	67.770836	100.000000	12.000000	26.954620
Tree 29	52	0	0	1	0	0	0	0	0	0	0	0	60.428570	100.000000	15.000000	26.169777
Tree 30	67	0	0	1	0	0	0	0	0	0	0	0	65.031250	100.000000	8.000000	28.114693
Tree 31	63	0	0	1	0	0	0	1	0	0	0	0	68.666664	100.000000	18.000000	21.636131
Tree 32	71	0	0	1	0	0	0	1	0	0	0	0	64.250000	100.000000	11.000000	29.178143
Tree 33	66	0	0	1	0	0	0	1	1	0	0	0	78.174606	100.000000	31.000000	20.257504
Tree 34	65	0	0	1	0	0	0	1	1	0	0	0	77.741936	100.000000	17.000000	22.739008
Tree 35	58	0	0	1	0	0	0	0	0	0	0	0	66.272728	100.000000	18.000000	22.259180
Tree 36	62	0	0	1	0	0	0	0	0	0	0	0	71.932205	100.000000	10.000000	23.441858
Tree 37	64	0	0	1	0	0	0	0	0	0	0	0	73.557381	100.000000	22.000000	19.677336
Tree 38	73	0	0	1	0	0	0	0	0	0	0	0	67.514282	100.000000	14.000000	25.059214
Tree 39	65	0	0	?	0	0	0	0	0	0	0	0	71.225807	100.000000	15.000000	21.575390
Tree 40	58	0	0	1	0	1	0	0	1	0	0	0	77.181816	100.000000	23.000000	22.715708
Tree 41	60	0	0	1	0	0	0	0	0	0	0	0	74.473686	100.000000	4.000000	24.290710
Tree 42	61	0	0	?	0	0	0	1	1	0	0	0	76.103447	100.000000	17.000000	24.827467
Tree 43	63	0	0	1	0	0	0	1	0	0	0	0	74.416664	100.000000	20.000000	22.902182
Tree 44	62	0	0	1	0	0	0	1	0	0	0	0	72.288139	100.000000	17.000000	21.745874
Tree 45	58	0	0	?	0	0	0	1	0	0	0	0	69.800003	100.000000	22.000000	24.527832
Tree 46	55	0	0	1	0	0	0	0	0	0	0	0	68.692307	100.000000	21.000000	24.203894
Tree 47	58	0	0	1	0	0	0	0	0	0	0	0	67.690910	100.000000	19.000000	21.442417
Tree 48	66	0	0	?	0	0	0	0	1	0	0	0	73.666664	100.000000	9.000000	23.713905
Tree 49	64	0	0	1	0	0	0	1	0	0	0	0	77.147537	100.000000	14.000000	24.698069
Tree 50	67	0	0	1	0	0	0	0	0	0	0	0	71.546875	100.000000	32.000000	24.318804
Tree 51	69	0	0	1	0	0	1	0	0	0	0	0	70.636360	100.000000	4.000000	26.813410
Tree 52	65	0	0	1	0	0	0	0	0	0	0	0	73.370964	100.000000	28.000000	17.983177
Tree 53	58	0	0	1	0	0	0	0	0	0	0	0	60.909092	100.000000	14.000000	26.773306
Tree 54	54	0	0	1	0	0	0	0	0	0	0	0	60.686275	100.000000	20.000000	23.494255
Tree 55	66	0	0	1	0	0	0	0	0	0	0	0	68.873016	100.000000	11.000000	27.144815
Tree 56	68	0	0	1	0	0	0	0	1	0	0	0	66.969231	100.000000	18.000000	23.259052
Tree 57	57	0	0	?	0	0	0	0	0	0	0	0	65.870369	100.000000	18.000000	24.195229
Tree 58	68	0	0	1	0	0	0	0	0	0	0	0	68.215385	100.000000	22.000000	24.379999
Tree 59	61	0	0	?	0	0	0	0	0	0	0	0	73.724136	100.000000	26.000000	19.924679
Tree 60	57	0	0	?	0	0	0	0	0	0	0	0	67.018517	100.000000	18.000000	24.420309
Tree 61	67	0	0	0	0	0	0	0	0	0	0	0	70.125000	100.000000	25.000000	23.539528
Tree 62	62	0	0	1	0	0	0	0	1	0	0	0	78.271187	100.000000	17.000000	23.255274
Tree 63	67	0	0	1	0	0	0	0	0	0	0	0	68.750000	100.000000	19.000000	24.833822
Tree 64	66	0	0	1	0	0	0	0	0	0	0	0	75.920631	100.000000	7.000000	24.352766
Tree 65	63	0	1	?	0	0	0	1	1	0	0	0	74.900002	100.000000	8.000000	24.513742
Tree 66	67	0	0	0	0	0	0	0	0	0	0	0	69.156250	100.000000	24.000000	23.856474
Tree 67	73	0	0	0	0	0	0	0	0	0	0	0	58.057144	100.000000	21.000000	26.105223
Tree 68	59	0	0	1	0	0	0	0	0	0	0	0	69.071426	100.000000	22.000000	21.671949
Tree 69	51	0	0	?	0	0	0	0	0	0	0	0	51.645832	99.000000	16.000000	23.483585
Tree 70	66	0	0	1	0	0	0	0	0	0	0	0	72.714287	100.000000	17.000000	22.264946
Tree 71	66	0	0	1	0	0	0	0	0	0	0	0	62.841270	100.000000	20.000000	24.402840
Tree 72	65	0	0	1	0	0	0	1	0	0	1	0	76.693550	100.000000	15.000000	23.449734
Tree 73	59	0	0	1	0	0	0	1	0	0	0	0	69.482140	100.000000	17.000000	25.764727
Tree 74	63	0	0	?	0	0	0	0	0	0	0	0	70.516670	100.000000	23.000000	20.504873
Tree 75	67	0	1	1	0	0	0	0	0	0	0	0	83.062500	100.000000	35.000000	16.496094
Tree 76	68	0	0	?	0	0	0	0	0	0	0	0	69.646156	100.000000	18.000000	25.912533
Tree 77	60	0	0	1	0	0	0	0	0	0	0	0	66.859650	100.000000	21.000000	25.489889
Tree 78	64	0	0	?	0	0	0	1	0	0	0	0	72.803276	100.000000	18.000000	26.257751
Tree 79	58	0	0	1	0	0	0	0	0	0	0	0	72.599998	100.000000	2.000000	24.510927
Tree 80	57	0	0	?	0	0	0	0	0	0	0	0	53.351852	100.000000	4.000000	28.047020
Tree 81	54	0	0	?	0	0	0	0	0	0	0	0	62.333332	100.000000	16.000000	20.324492
Tree 82	59	0	0	1	0	0	0	0	1	0	0	0	70.625000	100.000000	28.000000	21.734241
Tree 83	70	0	0	1	0	0	0	0	0	0	0	0	76.014923	100.000000	19.000000	24.152187
Tree 84	51	0	0	?	0	0	0	1	0	0	0	0	68.208336	100.000000	21.000000	22.066149
Tree 85	58	0	0	?	0	0	0	1	0	0	0	0	70.654549	100.000000	14.000000	21.130949
Tree 86	60	0	0	1	0	0	0	0	0	0	0	0	73.947365	100.000000	21.000000	23.797703
Tree 87	55	0	0	?	0	0	0	0	0	0	0	0	67.923080	100.000000	31.000000	21.138594
Tree 88	63	0	0	1	0	0	0	0	0	0	0	0	75.000000	100.000000	25.000000	22.044651
Tree 89	50	0	0	1	0	0	0	0	0	0	0	0	58.425533	100.000000	18.000000	24.438152
Tree 90	54	0	0	?	0	0	0	0	0	0	0	0	70.627449	100.000000	24.000000	23.062542
Tree 91	66	0	0	1	0	0	0	0	1	0	0	0	74.476189	100.000000	12.000000	25.816727
Tree 92	66	0	0	1	0	0	0	1	0	0	0	0	77.730156	100.000000	34.000000	19.876766
Tree 93	65	0	0	1	0	0	0	0	0	0	0	0	68.435486	100.000000	23.000000	22.182249
Tree 94	60	0	0	?	0	0	0	0	0	0	0	0	68.333336	100.000000	20.000000	23.570972
Tree 95	70	0	0	1	0	0	0	0	0	0	0	0	63.791046	100.000000	15.000000	23.241457
Tree 96	63	0	0	1	0	0	0	0	1	0	0	0	71.933334	100.000000	24.000000	23.958204
Tree 97	66	0	0	1	0	0	0	0	0	0	0	0	69.031746	100.000000	20.000000	25.680557
Tree 98	64	0	0	1	0	0	0	1	0	0	0	0	73.229507	100.000000	17.000000	22.762058
Tree 99	51	0	0	1	0	0	0	0	0	0	0	0	61.562500	100.000000	19.000000	25.368866
Tree 100	66	0	0	1	0	0	0	0	0	0	0	0	67.460320	100.000000	25.000000	23.447224
Tree 101	75	0	0	1	0	0	0	0	0	0	0	0	75.236115	100.000000	29.000000	20.859644
Tree 102	61	0	0	1	0	0	0	0	0	0	0	0	68.344826	100.000000	10.000000	25.338776
Tree 103	69	0	0	1	0	0	0	1	1	0	0	0	74.424240	100.000000	21.000000	25.884396
Tree 104	61	0	0	1	0	0	0	0	0	0	0	0	68.879311	100.000000	18.000000	24.085392
Tree 105	65	0	0	1	0	0	0	1	0	0	0	0	72.209679	100.000000	31.000000	22.210241
Tree 106	62	0	0	1	0	0	0	0	0	0	0	0	69.389832	100.000000	29.000000	21.904274
Tree 107	65	0	0	1	0	0	0	0	0	0	0	0	62.629032	100.000000	26.000000	25.641598
Tree 108	64	0	0	1	0	0	0	0	1	0	0	0	71.295082	100.000000	22.000000	23.268456
Tree 109	64	0	0	0	0	0	0	0	0	0	0	0	69.590164	100.000000	27.000000	21.020971
Tree 110	61	0	0	1	0	0	0	0	0	0	0	0	78.706894	100.000000	20.000000	21.669151
Tree 111	69	0	0	1	0	0	0	0	0	0	0	0	58.424244	100.000000	13.000000	25.061779
Tree 112	62	0	0	?	0	0	1	0	0	0	0	0	73.627121	100.000000	20.000000	22.699884
Tree 113	65	0	0	1	0	0	0	0	1	0	0	0	62.306450	100.000000	18.000000	24.582048
Tree 114	69	0	0	1	0	0	1	0	0	0	0	0	73.590912	100.000000	12.000000	25.696350
Tree 115	66	0	0	1	0	0	0	0	0	0	0	0	61.365078	100.000000	11.000000	25.512711
Tree 116	68	0	0	1	0	0	0	1	0	0	0	0	67.461540	100.000000	19.000000	21.344124
Tree 117	70	0	0	1	0	0	0	0	0	0	1	0	79.313431	100.000000	31.000000	19.082855
Tree 118	66	0	0	1	0	0	0	0	0	0	0	0	73.968254	100.000000	25.000000	23.079552
Tree 119	64	0	0	1	0	0	0	1	0	0	0	0	63.508198	100.000000	13.000000	27.343967
Tree 120	67	0	0	1	0	0	1	0	0	0	0	0	78.171875	100.000000	35.000000	17.876791
Tree 121	60	0	0	1	0	0	0	0	0	0	0	0	72.438599	100.000000	13.000000	24.987726
Tree 122	67	0	0	1	0	0	0	0	0	0	0	0	67.375000	100.000000	16.000000	26.682449
Tree 123	68	0	0	1	0	0	0	0	0	0	0	0	62.015385	100.000000	4.000000	28.572979
Tree 124	60	0	0	?	0	0	0	1	0	0	0	0	77.175438	100.000000	28.000000	19.346447
Tree 125	74	0	0	1	0	0	0	0	0	0	0	0	67.901405	100.000000	8.000000	26.661232
Tree 126	50	0	0	?	0	0	0	0	0	0	0	0	60.000000	100.000000	24.000000	23.368464
Tree 127	51	0	0	?	0	0	0	0	0	0	0	0	73.145836	100.000000	38.000000	18.767202
Tree 128	65	0	0	?	0	0	0	1	0	0	0	0	65.080643	100.000000	21.000000	24.745998
Tree 129	71	0	0	1	0	0	0	0	0	0	0	0	64.073532	100.000000	15.000000	26.122629
Tree 130	57	0	0	1	0	0	0	0	1	0	0	0	58.555557	100.000000	16.000000	22.990875
Tree 131	59	0	0	1	0	1	0	1	0	0	0	0	79.482140	100.000000	36.000000	22.227709
Tree 132	72	0	0	?	0	0	0	0	0	0	0	0	69.391304	100.000000	10.000000	19.765448
Tree 133	73	0	0	1	0	0	0	0	0	0	0	0	71.257141	100.000000	16.000000	25.161016
Tree 134	59	0	0	?	0	0	0	1	1	0	0	0	72.178574	100.000000	22.000000	23.324654
Tree 135	64	0	0	1	0	1	0	1	0	0	0	0	76.672134	100.000000	13.000000	24.647493
Tree 136	60	0	0	?	0	1	0	1	1	0	0	0	81.175438	100.000000	28.000000	19.210855
Tree 137	73	0	0	1	0	0	0	0	0	0	0	0	71.685715	100.000000	20.000000	23.834272
Tree 138	60	0	0	1	0	0	0	0	0	0	0	0	59.175438	100.000000	15.000000	27.067896
Tree 139	64	0	0	1	0	0	0	0	0	0	0	0	61.672131	100.000000	3.000000	26.936916
Tree 140	51	0	0	?	0	0	0	0	?	0	0	0	65.708336	100.000000	18.000000	24.395149
Tree 141	61	0	0	?	0	0	0	1	1	0	0	0	70.293106	100.000000	22.000000	22.403055
Tree 142	55	0	0	?	0	0	0	1	0	0	0	0	63.500000	100.000000	18.000000	27.611662
Tree 143	60	0	0	1	0	0	0	0	0	0	0	0	65.929825	100.000000	22.000000	22.135040
Tree 144	69	0	0	1	0	0	0	0	1	0	0	0	73.803032	100.000000	33.000000	19.470428
Tree 145	61	0	0	1	0	0	0	1	0	0	0	0	81.172417	100.000000	15.000000	19.367708
Tree 146	70	0	0	1	0	0	0	0	1	0	0	0	70.343285	100.000000	28.000000	21.861542
Tree 147	68	0	0	1	0	0	0	0	1	0	0	0	58.230770	100.000000	8.000000	25.312065
Tree 148	59	0	0	?	0	1	1	1	1	0	0	0	77.178574	100.000000	23.000000	24.581577
Tree 149	57	0	0	1	0	0	0	0	0	0	0	0	72.444443	100.000000	37.000000	17.950205
Tree 150	67	0	0	1	0	0	0	0	0	0	0	0	76.468750	100.000000	22.000000	20.281572
Tree 151	67	0	0	1	0	0	0	0	0	0	0	0	73.109375	100.000000	15.000000	23.845932
Tree 152	50	0	0	?	0	0	0	0	?	0	0	0	59.340427	100.000000	17.000000	24.588768
Tree 153	67	0	0	1	0	0	0	0	0	0	0	0	64.625000	100.000000	14.000000	25.421141
Tree 154	67	0	0	1	0	0	0	0	0	0	0	0	74.812500	100.000000	30.000000	19.059015
Tree 155	60	0	0	1	0	0	1	0	0	0	0	0	72.298248	100.000000	19.000000	27.858646
Tree 156	66	0	0	1	0	0	0	0	0	0	0	0	76.492065	100.000000	13.000000	25.443289
Tree 157	68	0	0	1	0	0	0	0	1	0	0	0	74.707695	100.000000	17.000000	24.052328
Tree 158	63	0	0	1	0	0	0	0	0	0	0	0	67.099998	100.000000	28.000000	23.433380
Tree 159	62	0	0	1	0	0	0	0	0	0	0	0	65.271187	100.000000	21.000000	21.226645
Tree 160	72	0	0	1	0	1	0	0	0	0	0	0	70.159424	100.000000	21.000000	23.609522
Tree 161	71	0	1	1	0	0	0	0	0	0	0	0	70.602943	100.000000	5.000000	26.220861
Tree 162	56	0	0	?	0	0	0	0	1	0	0	0	67.150940	100.000000	16.000000	22.779001
Tree 163	59	0	0	1	0	0	0	0	0	0	0	0	57.285713	100.000000	7.000000	23.704063
Tree 164	60	0	0	?	0	0	0	0	1	0	0	0	69.421051	100.000000	26.000000	23.813564
Tree 165	57	0	0	1	0	0	1	1	1	0	0	0	79.222221	100.000000	21.000000	21.997194
Tree 166	61	0	0	?	0	0	0	0	0	0	0	0	63.758621	100.000000	10.000000	27.581421
Tree 167	70	0	0	1	0	0	1	0	1	0	0	0	69.656715	100.000000	16.000000	25.744179
Tree 168	66	0	0	1	0	0	1	0	0	0	0	0	78.333336	100.000000	24.000000	21.004158
Tree 169	70	0	0	1	0	0	0	0	0	0	0	0	77.686569	100.000000	18.000000	21.964155
Tree 170	60	0	0	?	0	0	0	0	0	0	0	0	69.263161	100.000000	6.000000	24.985981
Tree 171	66	0	0	1	0	0	0	1	0	0	0	0	71.444443	100.000000	32.000000	22.392443
Tree 172	57	0	0	0	0	0	0	1	0	0	0	0	66.074074	100.000000	12.000000	21.506117
Tree 173	74	0	0	1	0	0	0	0	0	0	0	0	69.267609	100.000000	17.000000	25.939236
Tree 174	63	0	0	0	0	0	0	0	0	0	0	0	57.933334	97.000000	17.000000	20.921972
Tree 175	68	0	0	1	0	1	0	0	0	0	0	0	78.784615	100.000000	26.000000	22.221603
Tree 176	56	0	0	?	0	0	0	1	0	0	0	0	70.283020	100.000000	13.000000	24.831036
Tree 177	52	0	0	1	0	0	0	0	0	0	0	0	59.530613	100.000000	5.000000	28.610758
Tree 178	53	0	1	1	0	0	0	0	0	0	0	0	69.040001	100.000000	13.000000	22.968639
Tree 179	69	0	0	?	0	0	0	0	0	0	0	0	64.560608	100.000000	12.000000	26.106499
Tree 180	68	0	0	1	0	0	0	1	1	0	0	0	71.723076	100.000000	27.000000	25.903677
Tree 181	65	0	0	0	0	0	0	0	0	0	0	0	64.048386	100.000000	30.000000	21.574650
Tree 182	70	0	0	1	0	0	0	0	0	0	0	0	62.044777	100.000000	15.000000	24.527431
Tree 183	56	0	0	0	0	0	0	0	0	0	0	0	63.698112	100.000000	18.000000	23.549694
Tree 184	55	0	0	?	0	0	0	0	0	0	0	0	69.884613	100.000000	13.000000	22.655157
Tree 185	61	0	0	1	0	0	1	1	0	0	0	0	85.293106	100.000000	50.000000	14.694605
Tree 186	67	0	0	1	0	0	0	0	0	0	0	0	74.328125	100.000000	20.000000	19.671560
Tree 187	68	0	0	1	0	0	0	0	1	0	0	0	77.507690	100.000000	21.000000	22.834604
Tree 188	67	0	0	1	0	0	0	0	0	0	0	0	68.625000	100.000000	19.000000	23.090515
Tree 189	57	0	0	1	0	1	0	0	0	0	0	0	71.074074	100.000000	32.000000	21.814753
Tree 190	57	0	0	1	0	0	0	0	0	0	0	0	70.500000	100.000000	15.000000	23.415529
Tree 191	51	0	0	1	0	0	0	0	0	0	0	0	66.729164	100.000000	28.000000	20.589985
Tree 192	69	0	0	1	0	0	0	0	0	0	0	0	66.590912	100.000000	17.000000	25.098581
Tree 193	69	0	0	1	0	0	0	0	0	0	0	0	67.151512	100.000000	14.000000	22.899147
Tree 194	68	0	0	1	0	0	0	0	1	0	0	0	73.984619	100.000000	7.000000	24.020182
Tree 195	61	0	0	1	0	0	0	0	1	0	0	0	72.275864	100.000000	18.000000	22.754910
Tree 196	66	0	0	1	0	0	0	0	0	0	0	0	67.952377	100.000000	26.000000	24.191975
Tree 197	62	0	0	1	0	0	0	0	0	0	0	0	66.830505	100.000000	18.000000	26.651012
Tree 198	57	0	1	?	0	0	0	1	0	0	0	0	63.333332	100.000000	8.000000	28.662144
Tree 199	71	0	0	1	0	0	0	0	1	0	0	0	71.794121	100.000000	10.000000	25.053801
Tree 200	59	0	0	1	0	0	0	0	0	0	0	0	60.714287	100.000000	20.000000	22.622456
Tree 201	64	0	0	1	0	0	0	0	0	0	0	0	58.098362	100.000000	16.000000	25.678150
Tree 202	62	0	0	1	0	0	0	1	0	0	0	0	78.050850	100.000000	30.000000	20.730251
Tree 203	58	0	0	1	0	0	0	0	0	0	0	0	74.090912	100.000000	37.000000	20.132538
Tree 204	60	0	0	1	0	0	0	0	0	0	0	0	58.070175	100.000000	22.000000	21.799616
Tree 205	73	0	0	1	0	0	0	0	1	0	1	0	69.485718	100.000000	21.000000	21.341269
Tree 206	57	0	0	?	0	0	1	1	0	0	0	0	75.074074	100.000000	25.000000	20.897327
Tree 207	65	0	0	1	0	0	1	1	1	0	0	0	77.419357	100.000000	18.000000	24.725296
Tree 208	51	0	0	?	0	0	0	0	?	0	0	0	61.916668	100.000000	21.000000	22.273708
Tree 209	56	0	0	?	0	0	0	1	0	0	0	0	67.641510	100.000000	15.000000	21.175007
Tree 210	65	0	0	1	0	0	0	1	0	0	0	0	78.903229	100.000000	12.000000	20.378450
Tree 211	58	0	0	?	0	0	0	0	0	0	0	0	68.327271	100.000000	17.000000	23.767092
Tree 212	61	0	0	1	0	0	0	1	0	0	0	0	72.637932	100.000000	27.000000	23.623995
