Tree number	size	Clan 1	Clan 2	Clan 3	Clan 4	Clan 5	Clan 6	Clan 7	Clan 8	boot_average	boot_max	boot_min	boot_stdev
Tree 1	16	0	0	0	0	0	0	0	0	37.000000	73.000000	7.000000	19.646883
Tree 2	17	0	0	0	0	1	0	0	0	56.357143	100.000000	19.000000	27.678272
Tree 3	17	0	0	0	0	0	0	0	0	46.071430	85.000000	9.000000	23.091322
Tree 4	16	1	0	0	?	0	1	0	1	62.769230	98.000000	31.000000	19.111631
Tree 5	16	1	0	0	1	0	0	1	1+	62.769230	100.000000	38.000000	17.493532
Tree 6	16	0	0	0	0	1	?	0	0	43.923077	89.000000	10.000000	25.357328
Tree 7	20	0	0	0	0	0	0	0	0	54.000000	96.000000	26.000000	25.244684
Tree 8	19	0	0	0	0	0	0	0	0	46.250000	90.000000	17.000000	23.649788
Tree 9	20	0	0	0	1	0	0	0	0	41.352940	93.000000	13.000000	19.691566
Tree 10	22	0	0	0	0	0	0	1	0	57.842106	94.000000	5.000000	26.028856
Tree 11	18	0	0	0	?	0	0	1	0	56.866665	100.000000	13.000000	29.170458
Tree 12	19	0	0	0	0	0	0	1	0	43.125000	100.000000	8.000000	27.649311
Tree 13	16	0	0	0	0	0	?	0	1	50.846153	100.000000	23.000000	20.557035
Tree 14	21	0	0	0	0	1	0	1	0	52.722221	99.000000	26.000000	23.590971
Tree 15	19	0	0	0	?	0	0	0	0	45.062500	96.000000	15.000000	18.355751
Tree 16	18	0	0	0	1	0	?	1	0	64.666664	99.000000	36.000000	18.753370
Tree 17	22	0	1	0	0	0	0	1	0	59.842106	99.000000	12.000000	26.573164
Tree 18	19	0	0	0	?	0	1	0	0	43.750000	89.000000	24.000000	20.656416
Tree 19	16	0	0	0	?	0	0	1	0	43.846153	74.000000	17.000000	19.532404
Tree 20	19	0	0	0	1	0	0	0	0	47.687500	93.000000	8.000000	23.761099
Tree 21	19	0	0	0	0	0	?	0	0	56.937500	98.000000	23.000000	24.468012
Tree 22	22	0	0	0	?	0	0	0	0	49.789474	96.000000	21.000000	20.513355
Tree 23	18	0	0	0	0	0	0	1	0	47.066666	79.000000	18.000000	19.546412
Tree 24	21	0	0	0	0	0	0	0	0	54.166668	95.000000	22.000000	17.378946
Tree 25	17	0	1	0	1	0	0	1	1	68.071426	100.000000	37.000000	18.343798
Tree 26	19	0	1	0	?	1	0	1	1	60.875000	98.000000	27.000000	24.077673
Tree 27	19	0	1	0	0	?	0	1	0	63.062500	89.000000	20.000000	23.485285
Tree 28	17	0	0	0	?	0	0	0	0	64.071426	100.000000	40.000000	14.537951
Tree 29	21	0	0	0	0	0	0	0	0	46.500000	86.000000	11.000000	20.218941
Tree 30	16	0	0	0	0	0	0	1	0	49.384617	92.000000	15.000000	22.598633
Tree 31	16	0	0	0	?	0	?	0	0	53.769230	94.000000	27.000000	19.251987
Tree 32	16	1	1	1	?	0	?	0	1	54.461540	100.000000	12.000000	28.443235
Tree 33	19	0	0	0	0	0	?	0	0	57.250000	100.000000	24.000000	24.676659
Tree 34	16	0	0	0	?	0	0	1	0	62.692307	100.000000	19.000000	21.477663
Tree 35	18	0	0	0	1	0	1	1	1	45.599998	100.000000	4.000000	30.693756
Tree 36	18	0	0	0	0	0	0	0	0	56.333332	95.000000	19.000000	24.173449
Tree 37	19	0	0	0	0	0	0	1	1	64.187500	100.000000	17.000000	26.615829
Tree 38	22	0	0	0	0	0	0	1	0	54.421051	100.000000	10.000000	30.351130
Tree 39	16	0	0	0	?	0	?	0	0	53.692307	91.000000	24.000000	21.966354
Tree 40	16	1	0	0	1	0	0	1	0	50.230770	86.000000	19.000000	23.752420
Tree 41	16	0	0	0	?	0	0	1	0	66.461540	97.000000	39.000000	20.956421
Tree 42	17	0	0	0	0	0	?	1	1	63.571430	99.000000	32.000000	19.772688
Tree 43	16	0	0	0	0	0	?	0	0	48.230770	82.000000	21.000000	18.655392
Tree 44	15	0	0	0	0	0	0	1	1	46.416668	97.000000	12.000000	21.780949
Tree 45	22	0	0	0	1	0	0	0	0	57.578949	99.000000	17.000000	24.140633
Tree 46	16	0	0	0	1	0	?	1	0	54.769230	89.000000	17.000000	22.665302
Tree 47	20	0	0	0	?	0	0	0	0	44.882355	85.000000	7.000000	20.593781
Tree 48	16	0	0	0	0	0	?	0	1	41.461540	64.000000	19.000000	12.683213
Tree 49	16	0	0	0	0	0	?	0	0	40.769230	77.000000	18.000000	14.115751
Tree 50	15	0	0	0	0	0	1	0	0	41.750000	100.000000	12.000000	22.778372
Tree 51	16	0	0	0	?	?	0	1	0	54.000000	88.000000	18.000000	20.777206
Tree 52	17	0	0	0	0	0	?	1	1	54.642857	89.000000	5.000000	25.927389
Tree 53	23	0	0	0	0	0	0	0	0	46.299999	100.000000	16.000000	20.964495
Tree 54	17	0	1	0	0	0	?	1	1	55.714287	98.000000	15.000000	24.211651
Tree 55	17	0	0	0	0	0	?	0	0	45.142857	91.000000	10.000000	27.606565
Tree 56	17	0	0	0	?	0	?	0	0	49.285713	98.000000	17.000000	22.609821
Tree 57	18	0	0	0	?	0	0	1	0	50.333332	100.000000	13.000000	23.035238
Tree 58	20	0	0	0	?	0	0	0	0	45.294117	93.000000	13.000000	23.755531
Tree 59	20	0	0	0	1	0	0	0	0	54.941177	100.000000	16.000000	27.505016
Tree 60	17	0	1	0	0	0	?	1	0	63.428570	100.000000	36.000000	21.060167
Tree 61	16	0	0	0	1	0	0	1	1	61.384617	95.000000	29.000000	25.369694
Tree 62	16	0	0	0	0	?	0	1	0	56.076923	94.000000	27.000000	20.265400
Tree 63	18	0	0	0	0	1	0	0	0	69.199997	100.000000	20.000000	25.890024
Tree 64	21	0	0	0	0	1	0	1	0	59.555557	99.000000	29.000000	23.758558
Tree 65	17	0	0	0	?	0	0	0	1	52.642857	95.000000	19.000000	22.480490
Tree 66	16	1	0	0	0	0	?	1	1	56.692307	91.000000	9.000000	26.245541
Tree 67	18	0	0	0	0	0	1	0	0	48.666668	85.000000	8.000000	22.691164
Tree 68	19	0	0	0	0	0	0	0	1+	47.375000	99.000000	14.000000	24.593889
Tree 69	19	0	0	0	0	0	0	0	0	42.750000	63.000000	20.000000	13.026416
Tree 70	20	0	0	0	0	0	0	1	0	59.647060	100.000000	25.000000	23.852343
Tree 71	18	0	0	0	0	0	?	0	0	52.466667	94.000000	15.000000	24.845837
Tree 72	18	0	0	0	0	0	?	0	0	60.666668	100.000000	21.000000	23.829020
Tree 73	17	0	0	0	?	0	0	0	1	45.785713	77.000000	10.000000	22.319685
Tree 74	16	0	0	0	0	0	0	0	0	63.461540	98.000000	32.000000	20.167055
Tree 75	20	1	1	0	0	1	0	1	1	68.294121	97.000000	19.000000	22.975088
Tree 76	21	0	0	0	0	0	1	1	0	51.944443	87.000000	24.000000	19.300180
Tree 77	17	0	0	0	?	0	?	0	0	60.285713	95.000000	29.000000	18.709923
Tree 78	17	0	0	0	1	0	0	1	0	49.571430	100.000000	11.000000	21.503202
Tree 79	21	0	0	0	1	0	0	0	1	51.666668	100.000000	3.000000	27.253948
Tree 80	18	0	0	0	?	0	0	0	0	47.799999	100.000000	6.000000	30.833315
Tree 81	17	1	0	0	0	0	0	0	1	56.428570	84.000000	19.000000	15.877723
Tree 82	17	1	1	0	0	0	?	1	0	63.071430	100.000000	29.000000	25.594263
Tree 83	21	0	0	0	0	1	0	0	0	58.666668	100.000000	24.000000	22.256086
Tree 84	22	0	0	0	1	0	1	0	0	50.947369	99.000000	12.000000	24.703449
Tree 85	17	0	0	0	0	0	0	1	0	48.857143	89.000000	19.000000	20.056553
Tree 86	18	0	0	0	0	0	0	0	0	66.133331	97.000000	22.000000	25.008976
Tree 87	16	0	1	0	?	0	0	1	0	64.000000	100.000000	29.000000	21.307276
Tree 88	19	0	0	0	0	0	0	0	0	57.000000	88.000000	25.000000	20.573040
Tree 89	18	0	0	0	0	0	0	0	0	55.533333	85.000000	18.000000	19.397137
Tree 90	19	0	0	0	0	0	0	0	0	56.375000	100.000000	23.000000	28.228697
Tree 91	21	0	0	0	0	0	0	1	0	54.777779	92.000000	15.000000	20.503538
Tree 92	18	0	0	0	0	0	?	0	0	47.133335	97.000000	9.000000	27.892332
Tree 93	16	0	0	0	0	0	?	0	1	52.769230	88.000000	4.000000	27.044561
Tree 94	18	0	0	0	1	0	?	0	0	51.400002	100.000000	15.000000	26.145235
Tree 95	16	0	0	0	0	0	0	0	0	32.461540	64.000000	8.000000	16.736029
Tree 96	18	0	0	0	0	0	0	1	0	53.799999	100.000000	11.000000	28.957899
Tree 97	18	0	0	0	0	0	0	0	0	64.599998	100.000000	23.000000	24.184843
Tree 98	16	0	0	0	0	0	0	0	1	49.000000	99.000000	7.000000	28.911003
Tree 99	16	0	0	0	0	0	?	1	0	56.461540	98.000000	29.000000	20.518717
Tree 100	19	1	1	0	1	1	?	1	1	70.750000	100.000000	34.000000	23.972641
Tree 101	19	0	0	0	0	0	0	0	1	46.187500	100.000000	9.000000	24.202837
Tree 102	18	0	0	0	0	0	0	1	0	47.000000	72.000000	10.000000	16.049923
Tree 103	19	0	0	0	?	1	1	1	1	69.812500	100.000000	26.000000	23.383270
Tree 104	16	0	0	0	?	0	?	0	0	40.538460	96.000000	10.000000	24.923315
Tree 105	21	0	0	0	0	0	0	1	0	46.777779	100.000000	7.000000	25.956278
Tree 106	17	?	0	0	0	0	0	1	0	35.785713	86.000000	7.000000	26.563076
Tree 107	19	0	0	0	0	0	0	0	0	52.187500	95.000000	18.000000	19.049995
Tree 108	20	0	0	0	0	0	0	0	0	51.176472	100.000000	16.000000	28.436171
Tree 109	18	0	0	0	0	0	0	0	1	48.066666	66.000000	19.000000	14.238290
Tree 110	23	0	0	0	0	0	0	0	0	49.549999	100.000000	16.000000	24.030138
Tree 111	18	0	0	0	?	0	0	0	0	54.000000	99.000000	25.000000	20.639767
Tree 112	23	0	0	1	1	0	0	0	0	52.849998	100.000000	19.000000	23.628956
Tree 113	17	0	0	0	?	0	0	0	0	60.642857	100.000000	28.000000	22.515413
Tree 114	18	0	0	0	1	0	1	1	0	51.533333	100.000000	12.000000	29.874998
Tree 115	18	0	0	0	0	0	0	0	0	51.466667	100.000000	14.000000	24.035713
Tree 116	20	0	0	0	0	0	0	0	1	54.058823	100.000000	13.000000	27.851435
Tree 117	23	0	0	0	0	0	1	0	0	56.599998	99.000000	9.000000	27.988211
Tree 118	20	0	0	0	0	0	0	0	1	54.058823	99.000000	15.000000	22.232649
Tree 119	16	0	0	0	0	0	?	0	0	46.153847	99.000000	13.000000	25.148317
Tree 120	16	0	0	0	0	0	?	0	0	51.846153	91.000000	17.000000	24.728825
Tree 121	20	0	0	0	0	0	?	0	0	38.764706	62.000000	17.000000	12.002596
Tree 122	21	0	0	0	0	0	0	1	0	47.666668	100.000000	2.000000	28.110891
Tree 123	21	0	0	0	1	0	0	0	0	47.555557	98.000000	12.000000	20.064404
Tree 124	20	0	0	0	1	0	0	0	0	53.000000	100.000000	17.000000	26.448618
Tree 125	18	0	0	0	?	0	1	1	1	62.266666	98.000000	28.000000	18.901382
Tree 126	18	1	0	0	?	0	0	0	1	61.533333	100.000000	30.000000	23.038712
Tree 127	19	0	0	0	1	0	1	1	1	61.000000	99.000000	23.000000	27.168455
Tree 128	16	?	0	0	?	0	0	1	0	61.846153	100.000000	11.000000	23.579149
Tree 129	21	0	0	0	0	0	0	1	1	62.722221	100.000000	12.000000	24.986231
Tree 130	20	0	0	0	0	0	0	0	1	56.352940	100.000000	14.000000	21.624989
Tree 131	16	0	0	0	0	0	0	0	0	54.076923	69.000000	37.000000	11.585545
Tree 132	20	0	0	0	0	0	?	0	1	50.764706	100.000000	15.000000	24.747023
Tree 133	18	1	0	0	0	0	?	1	0	54.599998	100.000000	17.000000	26.145235
Tree 134	17	0	0	0	0	0	0	0	0	47.428570	89.000000	18.000000	22.635984
Tree 135	16	1	1	0	0	1	?	0	1	67.923080	100.000000	40.000000	17.455267
Tree 136	20	0	0	0	0	0	0	1	0	41.294117	78.000000	10.000000	18.148941
Tree 137	20	0	0	0	?	0	0	0	0	50.411766	96.000000	23.000000	19.885138
Tree 138	22	0	0	0	0	1	0	0	0	45.473682	89.000000	18.000000	16.304239
Tree 139	18	0	0	0	0	0	?	0	0	48.866665	98.000000	14.000000	26.834969
Tree 140	19	0	0	0	0	0	0	0	0	44.000000	87.000000	3.000000	24.779024
Tree 141	18	0	0	0	0	0	0	1	0	48.000000	100.000000	16.000000	26.260235
Tree 142	20	0	0	0	0	0	0	0	0	39.705883	88.000000	1.000000	22.740906
Tree 143	17	0	0	0	?	0	0	0	0	62.500000	100.000000	28.000000	22.999224
Tree 144	23	0	0	0	0	0	0	0	0	52.900002	95.000000	14.000000	22.589600
Tree 145	16	0	0	0	1	0	0	1	0	53.384617	90.000000	12.000000	23.348656
Tree 146	19	0	0	0	1	0	?	1	0	53.062500	98.000000	15.000000	26.745255
Tree 147	22	0	1	0	1	0	0	1	0	65.315788	99.000000	31.000000	19.352827
Tree 148	17	0	0	0	1	0	?	1	0	47.285713	94.000000	12.000000	24.140743
Tree 149	19	1	1	0	0	0	1	1	0	74.062500	100.000000	48.000000	16.690075
Tree 150	16	1	1	0	?	0	1	1	0	62.153847	100.000000	17.000000	26.861027
Tree 151	24	0	0	0	0	0	0	0	0	57.428570	99.000000	19.000000	21.907972
Tree 152	23	0	0	0	0	0	0	0	0	56.000000	100.000000	21.000000	19.626513
Tree 153	19	0	0	0	0	0	?	1	0	46.875000	99.000000	8.000000	28.257465
Tree 154	21	0	0	0	?	0	0	0	0	58.333332	95.000000	7.000000	23.125263
Tree 155	20	0	0	0	?	0	0	0	0	48.294117	98.000000	17.000000	25.485323
Tree 156	18	0	0	1	?	1	1	1	0	59.333332	100.000000	9.000000	29.711201
Tree 157	18	0	0	0	0	0	0	1	0	50.066666	91.000000	4.000000	26.205513
Tree 158	18	0	0	0	?	0	0	0	0	48.466667	90.000000	15.000000	21.914581
Tree 159	16	0	0	0	0	0	?	1	1	61.461540	100.000000	23.000000	24.374058
Tree 160	18	0	0	0	0	0	0	0	1	48.066666	99.000000	20.000000	24.098316
Tree 161	20	0	0	0	0	0	0	0	0	46.058823	87.000000	15.000000	20.423374
Tree 162	18	0	0	0	0	0	1	1	1	58.266666	95.000000	18.000000	25.921591
Tree 163	20	0	0	0	?	0	0	0	0	43.647060	92.000000	18.000000	20.393024
Tree 164	16	0	0	0	?	0	?	1	1	53.538460	88.000000	29.000000	16.900684
Tree 165	18	0	0	1	0	0	?	1	1	58.400002	98.000000	18.000000	20.577658
Tree 166	15	0	0	0	1	0	?	1	0	55.833332	97.000000	20.000000	21.098316
Tree 167	17	0	0	0	?	0	0	0	1	47.642857	99.000000	3.000000	25.415426
Tree 168	20	0	0	0	?	0	0	0	0	52.000000	100.000000	15.000000	24.831196
Tree 169	15	0	0	0	0	0	0	0	0	52.416668	99.000000	23.000000	24.682850
Tree 170	17	0	0	0	0	0	0	1	1	63.214287	99.000000	27.000000	24.092615
Tree 171	16	0	0	0	?	0	?	0	0	44.076923	97.000000	22.000000	20.378954
Tree 172	16	0	0	0	0	0	?	0	0	49.384617	100.000000	20.000000	25.073854
Tree 173	20	0	0	0	0	0	0	0	0	58.705883	92.000000	28.000000	16.505844
Tree 174	16	0	0	0	0	0	?	0	0	50.692307	73.000000	12.000000	15.607615
Tree 175	16	1	0	0	?	0	0	1	0	47.769230	81.000000	11.000000	22.874756
Tree 176	19	0	0	0	0	0	?	0	0	40.750000	92.000000	21.000000	18.552292
Tree 177	17	0	0	0	0	0	?	0	0	44.357143	100.000000	11.000000	22.730118
Tree 178	18	1	1	0	0	0	?	1	1	61.866665	100.000000	29.000000	22.440638
Tree 179	17	0	0	0	0	0	0	0	0	58.214287	88.000000	28.000000	20.382690
Tree 180	22	0	0	0	0	0	0	0	0	50.000000	100.000000	7.000000	27.443722
Tree 181	18	0	0	0	0	0	0	0	0	42.133335	99.000000	2.000000	27.541161
Tree 182	20	0	0	0	0	0	0	0	0	54.235294	86.000000	20.000000	21.167480
Tree 183	19	0	0	0	0	0	0	0	0	55.125000	100.000000	21.000000	24.718098
Tree 184	17	1	0	0	1	0	0	1	0	51.571430	100.000000	5.000000	29.591780
Tree 185	17	0	0	0	0	0	0	0	0	33.785713	56.000000	12.000000	10.684959
Tree 186	17	0	0	0	0	0	0	0	0	51.785713	98.000000	11.000000	24.030275
Tree 187	16	0	0	0	0	0	?	0	0	50.307693	93.000000	27.000000	20.637474
Tree 188	16	0	0	0	?	0	0	0	0	45.615383	99.000000	6.000000	25.122894
Tree 189	21	0	0	0	1	1	0	1	0	48.888889	100.000000	16.000000	22.280758
Tree 190	22	0	0	0	0	0	0	0	1	54.105263	88.000000	16.000000	23.757315
Tree 191	20	0	0	0	0	0	0	0	0	48.235294	99.000000	16.000000	17.318911
Tree 192	16	0	0	0	0	0	0	1	0	62.384617	96.000000	31.000000	20.503428
Tree 193	17	0	0	0	?	0	?	0	1	55.285713	90.000000	10.000000	21.651224
Tree 194	18	0	0	0	0	0	?	0	0	48.266666	96.000000	13.000000	24.208723
Tree 195	16	0	0	0	1	0	0	1	0	57.384617	96.000000	27.000000	21.592514
Tree 196	15	0	0	0	?	0	0	0	0	59.250000	89.000000	27.000000	21.385839
Tree 197	20	0	0	0	?	0	?	0	0	40.647060	93.000000	8.000000	24.916191
Tree 198	18	0	0	0	?	0	0	0	0	57.000000	96.000000	29.000000	20.122955
Tree 199	20	0	0	0	0	0	0	0	0	62.823528	100.000000	16.000000	25.688715
Tree 200	23	0	0	0	1	0	0	1	0	51.849998	100.000000	15.000000	20.725044
Tree 201	17	0	0	0	0	0	?	1	0	61.285713	98.000000	40.000000	17.371687
Tree 202	16	0	0	0	?	0	0	0	0	43.769230	76.000000	14.000000	17.594378
Tree 203	19	0	0	0	0	0	0	0	0	44.875000	100.000000	8.000000	23.336866
Tree 204	22	0	0	0	1	1	0	0	0	55.052631	98.000000	9.000000	23.736433
Tree 205	17	0	0	0	0	0	1	?	0	47.071430	94.000000	14.000000	28.506804
Tree 206	16	0	0	0	?	0	0	1	1	54.769230	85.000000	19.000000	20.818459
Tree 207	24	0	0	0	0	0	0	1	0	51.571430	100.000000	11.000000	28.701370
Tree 208	16	0	0	0	0	0	?	1	0	63.153847	99.000000	39.000000	17.575535
Tree 209	15	0	0	0	?	0	0	0	0	33.250000	67.000000	3.000000	20.688665
Tree 210	22	0	0	0	?	0	0	1	0	59.842106	97.000000	29.000000	18.339670
Tree 211	17	1	1	0	0	0	1	1	1+	59.642857	100.000000	27.000000	22.053852
Tree 212	17	0	0	0	0	0	?	0	0	50.714287	90.000000	18.000000	22.932911
Tree 213	16	0	0	0	0	0	0	1	0	53.307693	100.000000	21.000000	22.036280
Tree 214	20	0	0	0	?	0	0	1	0	56.823528	99.000000	24.000000	24.156925
Tree 215	21	0	0	0	0	0	0	1	1	53.388889	98.000000	2.000000	30.298769
Tree 216	17	0	0	1	0	1	?	1	0	44.857143	100.000000	9.000000	22.796793
Tree 217	16	1	0	0	0	0	0	0	0	43.153847	94.000000	9.000000	29.212343
Tree 218	21	0	0	0	0	0	1	1	1	59.166668	100.000000	10.000000	27.711309
Tree 219	15	0	0	0	0	0	0	1	0	60.166668	100.000000	26.000000	27.422112
Tree 220	16	1	0	0	0	0	0	0	0	54.230770	86.000000	19.000000	23.258261
Tree 221	16	1	1	0	1	0	?	1	1	59.076923	96.000000	25.000000	23.548515
Tree 222	22	0	0	0	0	0	1	1	0	60.631580	99.000000	10.000000	29.689995
Tree 223	17	0	0	0	0	0	?	0	0	58.714287	100.000000	17.000000	24.054785
Tree 224	17	0	0	0	?	0	0	1	0	51.357143	91.000000	15.000000	21.688072
Tree 225	18	0	0	0	0	0	0	1	0	50.066666	88.000000	8.000000	21.603910
Tree 226	18	0	1	0	1	0	?	1	1	73.066666	100.000000	26.000000	22.457268
Tree 227	18	0	0	0	1	1	0	1	1	47.599998	100.000000	18.000000	23.885281
Tree 228	17	0	0	0	0	0	0	0	0	57.857143	100.000000	30.000000	19.438023
Tree 229	22	0	0	0	0	0	0	0	0	53.421051	100.000000	20.000000	22.259987
Tree 230	19	0	0	0	?	0	?	0	0	40.875000	90.000000	15.000000	21.017477
Tree 231	16	0	0	0	?	0	0	0	0	45.923077	100.000000	16.000000	22.622187
Tree 232	23	0	0	0	0	1	0	1	0	65.800003	100.000000	30.000000	21.528122
Tree 233	16	0	0	0	0	0	?	1	1	67.000000	99.000000	33.000000	21.711393
Tree 234	18	0	0	0	0	0	?	0	0	55.866665	83.000000	18.000000	18.051287
Tree 235	16	0	0	0	?	0	0	0	0	56.846153	100.000000	27.000000	20.702457
Tree 236	20	0	0	0	0	0	0	0	1	56.588234	100.000000	11.000000	28.594648
Tree 237	17	0	0	0	?	0	?	1	0	57.571430	100.000000	20.000000	24.665520
Tree 238	23	0	1	0	0	0	0	1	1	52.299999	98.000000	13.000000	23.149731
Tree 239	16	0	0	0	1	0	?	0	0	67.538460	100.000000	35.000000	21.403147
Tree 240	18	0	0	0	0	0	0	0	0	59.666668	100.000000	17.000000	22.720524
Tree 241	23	0	1	0	0	1	0	0	0	52.950001	94.000000	21.000000	22.098587
Tree 242	17	0	0	0	?	0	0	0	0	45.500000	93.000000	5.000000	29.043686
Tree 243	20	0	1	0	1	0	0	1	1	67.588234	100.000000	30.000000	19.122082
Tree 244	22	0	0	0	0	0	0	0	0	47.052631	100.000000	9.000000	25.236719
Tree 245	21	0	0	0	?	0	0	0	0	49.833332	98.000000	7.000000	25.406145
Tree 246	19	0	0	0	?	0	0	1	0	45.062500	81.000000	10.000000	19.838312
Tree 247	17	0	0	0	0	0	0	1	0	50.500000	93.000000	13.000000	23.897848
Tree 248	16	0	0	0	1	0	?	0	0	56.153847	100.000000	37.000000	19.844961
Tree 249	20	1	1	0	0	0	1	1	0	48.647060	99.000000	16.000000	25.127769
Tree 250	22	0	0	0	1	0	0	0	0	47.000000	100.000000	11.000000	25.602221
Tree 251	18	0	0	0	0	0	?	1	0	42.799999	98.000000	12.000000	23.855679
Tree 252	16	0	0	0	?	1	0	1	0	47.461540	100.000000	19.000000	24.790245
Tree 253	22	0	0	0	0	0	0	0	0	56.631580	100.000000	29.000000	20.566223
Tree 254	16	0	0	0	0	0	?	0	0	53.000000	78.000000	23.000000	19.247377
Tree 255	18	0	0	0	0	0	0	0	0	34.933334	91.000000	8.000000	20.407408
Tree 256	16	0	0	0	0	0	0	1	0	55.538460	96.000000	24.000000	26.751320
Tree 257	15	0	0	0	0	0	?	0	0	49.750000	88.000000	19.000000	22.143942
Tree 258	21	0	0	1	?	0	1	0	1	60.500000	100.000000	17.000000	22.838198
Tree 259	16	0	0	0	?	0	0	0	0	42.846153	87.000000	13.000000	21.507944
Tree 260	24	0	0	0	1	0	0	1	0	55.666668	100.000000	18.000000	24.265070
Tree 261	16	0	0	0	?	0	0	0	0	51.461540	84.000000	20.000000	23.795977
Tree 262	17	0	0	0	?	0	?	0	0	51.142857	91.000000	26.000000	18.893904
Tree 263	16	0	0	0	1	0	0	0	0	43.076923	90.000000	12.000000	23.927652
Tree 264	20	0	0	0	0	0	1	0	0	48.117645	88.000000	12.000000	22.650496
Tree 265	22	0	0	0	0	0	0	1	0	53.684212	100.000000	18.000000	21.193476
Tree 266	19	0	0	0	0	0	0	0	1	62.125000	99.000000	18.000000	26.426491
Tree 267	19	0	0	0	0	0	1	1	1	57.000000	99.000000	17.000000	28.277641
Tree 268	16	0	0	0	0	1	?	1	1	65.230766	99.000000	37.000000	17.120180
Tree 269	24	0	0	0	0	0	1	0	0	50.428570	100.000000	16.000000	28.369286
Tree 270	16	0	0	0	0	0	?	1	1	54.461540	98.000000	16.000000	26.228626
Tree 271	18	0	0	0	0	0	0	0	0	40.000000	75.000000	5.000000	20.784609
Tree 272	18	1	1	0	0	0	?	0	0	46.866665	95.000000	14.000000	23.846359
Tree 273	18	0	1	0	0	0	1	0	1	74.933334	100.000000	30.000000	18.957731
Tree 274	21	0	0	0	0	1	0	0	1	48.055557	98.000000	14.000000	21.874573
Tree 275	18	0	0	0	0	0	0	1	0	48.599998	100.000000	21.000000	18.675474
Tree 276	20	0	0	1	0	0	0	1	0	62.941177	99.000000	16.000000	26.890783
Tree 277	17	0	0	0	0	0	1	0	0	52.142857	88.000000	18.000000	21.417139
Tree 278	19	0	0	0	0	0	?	0	0	49.937500	100.000000	18.000000	27.507883
Tree 279	18	0	0	1	0	1	0	0	0	52.599998	89.000000	4.000000	22.556005
Tree 280	18	0	0	0	0	0	0	0	0	52.333332	87.000000	19.000000	21.284319
Tree 281	19	0	1	0	1	0	?	0	0	54.937500	99.000000	15.000000	25.235067
Tree 282	16	0	1	0	?	0	0	0	1+	55.076923	93.000000	6.000000	26.968531
Tree 283	17	0	0	0	0	1	0	0	0	28.857143	78.000000	6.000000	19.022007
Tree 284	18	0	0	0	1	0	?	0	0	48.466667	80.000000	16.000000	17.258299
Tree 285	23	0	0	0	?	0	0	0	0	55.599998	100.000000	12.000000	27.977491
Tree 286	19	0	0	0	0	0	?	0	0	50.375000	100.000000	16.000000	25.283085
Tree 287	17	0	1	0	1	0	1	0	0	60.928570	84.000000	20.000000	20.186502
Tree 288	16	0	1	0	0	0	?	1	0	55.769230	88.000000	24.000000	21.239130
Tree 289	24	0	0	0	0	0	0	0	0	53.047619	100.000000	25.000000	24.497766
Tree 290	19	0	0	0	0	0	?	0	0	56.437500	85.000000	42.000000	11.889957
Tree 291	20	0	0	0	1	1	1	1	1	58.764706	100.000000	29.000000	19.883572
Tree 292	17	0	0	0	1	0	0	0	0	39.857143	89.000000	12.000000	22.601698
Tree 293	17	0	0	0	?	0	0	0	0	49.642857	100.000000	19.000000	23.138117
Tree 294	17	1	1	0	?	0	0	0	0	48.000000	99.000000	13.000000	21.027193
Tree 295	15	0	0	0	?	0	0	1	0	41.833332	86.000000	10.000000	24.313347
Tree 296	21	0	0	0	0	0	0	0	0	54.111111	100.000000	18.000000	22.255808
Tree 297	22	0	0	0	0	0	0	0	0	53.736843	100.000000	22.000000	26.072453
Tree 298	16	0	0	0	?	0	0	0	0	52.615383	82.000000	22.000000	15.799409
Tree 299	16	0	1	0	1	1	0	0	1	73.230766	100.000000	35.000000	25.371557
Tree 300	18	0	0	0	0	0	0	1	0	45.933334	100.000000	5.000000	25.717611
Tree 301	24	0	0	0	0	0	0	0	0	46.476189	100.000000	16.000000	21.836229
Tree 302	16	0	0	0	0	0	0	1	1+	49.307693	78.000000	16.000000	18.987383
Tree 303	17	0	0	0	0	0	?	0	0	52.071430	91.000000	25.000000	20.457148
Tree 304	16	0	0	0	1	0	1	1	0	55.615383	99.000000	31.000000	23.295885
Tree 305	20	0	0	0	0	0	0	0	0	52.470589	95.000000	12.000000	23.346790
Tree 306	15	0	0	0	0	0	?	0	0	60.333332	89.000000	37.000000	14.360439
Tree 307	16	1	1	0	0	0	?	1	1	57.307693	96.000000	23.000000	24.379641
Tree 308	16	0	0	0	?	0	?	0	0	47.000000	100.000000	11.000000	20.384760
Tree 309	19	0	0	0	?	0	0	0	0	47.000000	90.000000	7.000000	19.713573
Tree 310	16	0	0	0	1	1	?	1	0	56.538460	85.000000	19.000000	20.281158
Tree 311	21	0	0	0	0	0	0	0	0	47.833332	79.000000	19.000000	15.780614
Tree 312	19	0	0	0	0	0	1	1	0	47.625000	100.000000	6.000000	31.596825
Tree 313	19	0	0	0	?	1	0	1	1	72.125000	100.000000	37.000000	20.898191
Tree 314	24	0	0	0	0	0	1	0	0	53.476189	91.000000	32.000000	14.231484
Tree 315	17	0	0	0	0	0	1	0	1	44.071430	98.000000	11.000000	26.445265
Tree 316	18	0	0	0	?	0	1	1	0	52.133335	86.000000	25.000000	19.008301
Tree 317	16	0	0	0	0	0	?	1	1	51.461540	99.000000	3.000000	27.720072
Tree 318	17	0	0	0	?	0	0	0	0	57.785713	100.000000	22.000000	21.163239
Tree 319	24	0	0	0	0	0	0	0	0	45.619049	96.000000	9.000000	25.564999
Tree 320	17	0	0	0	0	0	1	1	0	47.857143	100.000000	20.000000	24.409767
Tree 321	15	1	1	0	0	0	?	0	0	62.000000	98.000000	28.000000	20.696217
Tree 322	20	0	0	0	0	0	0	0	1	64.588234	100.000000	13.000000	21.143930
Tree 323	15	0	1	1	1	1	0	1	1	57.000000	92.000000	21.000000	23.241486
Tree 324	17	0	0	0	?	0	0	0	1	56.357143	95.000000	10.000000	26.037355
Tree 325	23	0	0	0	0	0	0	0	0	58.799999	100.000000	25.000000	21.953588
Tree 326	18	0	0	0	0	0	?	0	0	48.466667	88.000000	7.000000	23.835173
Tree 327	18	0	0	0	1	0	?	0	0	43.000000	62.000000	18.000000	13.957077
Tree 328	16	0	0	0	?	0	0	1	1	56.692307	99.000000	9.000000	31.244408
Tree 329	18	0	0	0	1	1	0	1	0	58.666668	99.000000	19.000000	26.037580
Tree 330	16	0	0	0	?	0	0	0	1	46.538460	100.000000	3.000000	29.369305
Tree 331	17	0	0	0	?	0	0	1	0	58.071430	100.000000	22.000000	27.613310
Tree 332	17	0	0	0	0	0	0	1	0	71.142860	94.000000	22.000000	19.642727
Tree 333	16	0	0	0	?	0	?	0	0	40.384617	69.000000	10.000000	16.462257
Tree 334	21	0	0	0	0	0	0	0	0	52.722221	85.000000	29.000000	16.679348
Tree 335	16	0	0	0	0	0	0	1	0	55.230770	90.000000	17.000000	23.881611
Tree 336	18	0	0	0	0	0	?	1	0	54.200001	100.000000	18.000000	25.923475
Tree 337	15	0	0	0	0	0	?	0	0	45.166668	94.000000	7.000000	28.559391
Tree 338	19	0	1	0	1	0	0	0	0	50.812500	100.000000	10.000000	28.151863
Tree 339	17	0	0	0	0	0	?	0	0	47.571430	99.000000	8.000000	28.174747
Tree 340	19	0	1	0	?	0	1	0	1	46.937500	100.000000	9.000000	25.301849
Tree 341	19	0	0	0	0	0	1	1	0	58.500000	89.000000	27.000000	15.411035
Tree 342	17	0	0	0	?	0	?	0	1	48.571430	100.000000	18.000000	22.247677
Tree 343	22	0	0	0	0	0	0	0	1	58.368420	100.000000	9.000000	26.793970
Tree 344	16	1	1	0	1	1	?	1	1	66.846153	100.000000	24.000000	26.995287
Tree 345	18	1	1	0	0	0	1	1	1	63.333332	100.000000	30.000000	25.723312
Tree 346	15	1	0	0	1	0	0	1	1+	56.750000	100.000000	19.000000	24.712091
Tree 347	17	0	1	0	0	1	0	1	1+	53.357143	98.000000	21.000000	25.058809
Tree 348	17	0	0	0	1	0	?	1	0	58.500000	100.000000	22.000000	25.541983
Tree 349	21	0	0	0	0	1	0	0	0	53.944443	100.000000	12.000000	27.132334
Tree 350	19	0	0	0	0	0	0	0	0	49.187500	99.000000	12.000000	24.880260
Tree 351	17	0	0	0	0	0	?	1	0	50.142857	97.000000	21.000000	21.872543
Tree 352	17	0	0	0	1	1	0	0	0	54.500000	89.000000	19.000000	17.859571
Tree 353	22	0	0	0	?	0	0	0	0	49.315788	100.000000	10.000000	30.607969
Tree 354	19	0	0	0	0	0	0	1	0	47.562500	99.000000	17.000000	25.697687
Tree 355	18	0	0	0	0	0	?	0	0	50.200001	100.000000	7.000000	24.446405
Tree 356	16	0	0	0	1	0	?	1	0	67.384613	96.000000	35.000000	18.449677
Tree 357	17	0	0	0	?	0	0	0	0	48.071430	100.000000	16.000000	25.384089
Tree 358	23	0	0	0	0	0	0	1	0	55.700001	100.000000	23.000000	21.494417
Tree 359	16	0	0	0	0	0	?	1	1	59.307693	100.000000	18.000000	27.440523
Tree 360	21	1	0	0	0	0	0	1	0	55.944443	100.000000	16.000000	26.692638
Tree 361	19	0	0	0	0	0	?	0	0	47.875000	100.000000	17.000000	20.790247
Tree 362	17	0	0	0	?	0	?	0	0	56.571430	88.000000	22.000000	21.826307
Tree 363	19	0	0	0	0	0	0	0	0	43.937500	74.000000	21.000000	16.403006
Tree 364	17	0	0	0	0	0	0	0	0	56.642857	100.000000	29.000000	19.118454
Tree 365	16	0	0	0	?	0	0	0	1+	48.538460	92.000000	21.000000	20.638332
Tree 366	21	0	0	0	0	1	0	0	1	55.944443	100.000000	17.000000	27.522663
Tree 367	16	0	0	0	0	0	?	0	0	40.923077	71.000000	16.000000	16.643139
Tree 368	16	0	0	0	1	0	0	1	0	55.923077	94.000000	17.000000	18.693733
Tree 369	18	0	0	0	0	1	0	?	0	54.133335	100.000000	16.000000	25.155161
Tree 370	19	0	0	0	0	0	0	1	0	46.937500	100.000000	5.000000	31.227930
Tree 371	16	0	0	0	0	0	?	1	0	48.076923	91.000000	23.000000	18.184784
Tree 372	21	0	0	0	0	0	0	0	0	55.611111	100.000000	11.000000	22.198948
Tree 373	16	1	0	0	0	0	1	1	0	52.000000	98.000000	25.000000	21.213203
Tree 374	22	0	0	0	0	1	0	0	0	55.894737	100.000000	16.000000	20.388063
Tree 375	19	0	0	0	0	0	0	0	0	42.375000	74.000000	19.000000	15.838541
Tree 376	15	0	0	0	0	0	?	1	0	59.083332	98.000000	18.000000	21.320795
Tree 377	19	0	0	0	0	0	0	0	0	38.687500	68.000000	4.000000	18.770718
Tree 378	16	0	0	0	0	0	0	0	0	60.076923	100.000000	11.000000	25.131842
Tree 379	20	0	1	0	0	1	0	1	0	58.235294	100.000000	4.000000	27.641676
Tree 380	17	0	0	0	0	0	?	0	0	55.000000	93.000000	7.000000	25.396851
Tree 381	19	0	1	0	1	0	1	1	1	52.000000	100.000000	11.000000	27.477262
Tree 382	17	0	0	0	?	0	0	0	0	40.714287	99.000000	12.000000	22.549717
Tree 383	17	0	1	0	1	1	0	1	1	69.928574	99.000000	32.000000	17.826403
Tree 384	16	0	0	0	0	0	1	?	0	56.923077	98.000000	23.000000	22.144495
Tree 385	17	0	0	0	0	0	0	1	0	46.428570	85.000000	20.000000	21.489912
Tree 386	21	0	0	0	0	0	0	1	0	60.111111	100.000000	20.000000	26.587152
Tree 387	20	0	0	0	0	0	0	0	0	56.705883	84.000000	25.000000	18.829779
Tree 388	16	0	0	1	1	1	0	1	1+	51.384617	87.000000	26.000000	18.070539
Tree 389	20	0	0	0	0	0	1	1	0	60.588234	100.000000	18.000000	22.434372
Tree 390	18	0	0	0	?	0	1	0	0	44.799999	87.000000	13.000000	25.185181
Tree 391	18	0	0	0	0	0	0	0	0	58.733334	99.000000	22.000000	23.612049
Tree 392	16	0	0	0	?	0	?	1	0	50.769230	93.000000	19.000000	23.619268
Tree 393	18	0	0	0	0	0	0	1	0	47.466667	90.000000	21.000000	20.555183
Tree 394	16	0	0	0	1	0	0	?	0	44.000000	89.000000	20.000000	19.394686
Tree 395	16	0	0	0	0	0	?	0	0	57.538460	96.000000	21.000000	22.431486
Tree 396	16	0	1	0	0	0	?	1	1	68.692307	100.000000	34.000000	21.050798
Tree 397	16	0	0	0	?	0	0	?	0	60.307693	100.000000	12.000000	24.891718
Tree 398	21	0	0	0	1	0	0	0	0	51.833332	96.000000	15.000000	23.935677
Tree 399	22	0	0	0	0	0	0	1	0	65.421051	97.000000	29.000000	19.937576
Tree 400	16	0	0	0	0	0	0	0	0	63.923077	97.000000	25.000000	19.120918
Tree 401	15	0	0	0	1	0	0	0	1	51.166668	69.000000	20.000000	16.374947
Tree 402	21	0	0	0	?	0	0	1	1	55.833332	87.000000	22.000000	18.918684
Tree 403	20	0	0	0	1	0	0	0	0	52.529411	98.000000	10.000000	30.209305
Tree 404	16	0	0	0	0	0	?	1	1+	59.615383	100.000000	27.000000	19.209528
Tree 405	17	1	0	0	?	0	?	0	0	46.642857	91.000000	23.000000	21.985733
Tree 406	17	0	0	0	?	0	0	0	0	46.071430	98.000000	10.000000	27.834883
Tree 407	18	0	0	0	?	1	?	1	1	74.133331	100.000000	29.000000	23.528328
Tree 408	17	0	1	0	0	0	0	1	0	55.214287	98.000000	27.000000	20.515423
Tree 409	19	0	0	0	1	0	1	1	0	57.437500	97.000000	14.000000	28.881155
Tree 410	20	0	0	0	0	0	0	0	0	38.352940	63.000000	4.000000	16.095089
Tree 411	16	0	0	0	0	0	1	1	1	52.538460	100.000000	19.000000	26.508678
Tree 412	16	0	1	0	0	0	?	1	1	66.461540	96.000000	24.000000	19.205830
Tree 413	24	0	0	0	0	0	0	0	0	34.285713	78.000000	6.000000	20.433731
Tree 414	16	0	0	0	?	0	0	1	0	62.692307	100.000000	13.000000	24.183228
Tree 415	17	1	0	0	0	0	?	0	0	48.285713	94.000000	17.000000	24.013178
Tree 416	16	0	0	0	0	0	0	0	0	50.000000	85.000000	17.000000	19.721132
Tree 417	19	0	0	1	1	0	0	1	0	54.062500	100.000000	23.000000	24.800375
Tree 418	16	0	0	0	0	0	?	0	0	58.230770	100.000000	27.000000	19.900343
Tree 419	20	0	1	0	1	0	0	0	1	57.294117	96.000000	20.000000	24.868511
Tree 420	17	0	1	1	1	1	0	1	0	69.642860	100.000000	32.000000	21.592350
Tree 421	22	0	0	0	?	0	0	1	0	51.157894	98.000000	22.000000	22.716244
Tree 422	18	1	0	0	1	0	0	0	0	56.266666	97.000000	17.000000	24.117674
Tree 423	18	1	1	0	0	0	?	0	0	46.666668	93.000000	19.000000	18.581951
Tree 424	23	1	0	0	0	0	0	1	0	54.049999	100.000000	14.000000	23.603973
Tree 425	16	0	0	0	?	0	?	0	0	50.230770	99.000000	17.000000	27.788082
Tree 426	16	0	0	0	1	0	?	0	0	51.384617	78.000000	15.000000	20.447073
Tree 427	15	0	0	0	0	?	1	0	0	67.083336	100.000000	28.000000	22.544247
Tree 428	16	0	0	0	0	?	0	1	1	63.230770	97.000000	25.000000	22.793903
Tree 429	23	0	0	0	0	0	0	1	1	50.299999	100.000000	20.000000	23.634932
Tree 430	17	1	1	0	1	1	?	1	1	72.785713	100.000000	35.000000	22.338879
Tree 431	24	0	0	0	0	0	0	0	0	63.761906	100.000000	16.000000	24.287767
Tree 432	17	0	0	0	0	0	?	0	0	45.285713	98.000000	14.000000	21.561966
Tree 433	17	0	1	0	0	0	0	0	0	65.571426	100.000000	23.000000	26.521458
Tree 434	16	0	0	0	1	0	0	0	1+	52.692307	97.000000	23.000000	25.478149
Tree 435	16	0	1	0	0	0	?	0	0	39.000000	72.000000	22.000000	15.236595
Tree 436	16	0	0	0	?	0	0	0	0	39.153847	78.000000	16.000000	17.404005
Tree 437	23	0	0	0	0	0	0	0	0	51.099998	100.000000	8.000000	23.939301
Tree 438	17	0	0	0	?	0	0	0	0	36.500000	92.000000	8.000000	22.980581
Tree 439	22	0	0	0	0	1	0	1	0	54.315788	99.000000	5.000000	30.594206
Tree 440	17	0	0	0	1	0	?	0	0	57.642857	95.000000	14.000000	23.989899
Tree 441	16	0	0	0	1	0	?	0	0	61.692307	100.000000	25.000000	19.605276
Tree 442	17	0	0	0	0	0	?	1	0	50.785713	83.000000	24.000000	18.929110
Tree 443	20	0	0	0	1	0	0	1	0	60.352940	100.000000	20.000000	29.067755
Tree 444	18	0	0	0	?	0	1	0	1	45.200001	96.000000	15.000000	23.478218
Tree 445	16	0	0	0	?	0	?	0	0	46.000000	100.000000	10.000000	22.569551
Tree 446	16	0	0	0	1	1	0	1	0	54.000000	100.000000	27.000000	25.001537
Tree 447	16	0	0	0	1	0	0	1	1	51.307693	100.000000	19.000000	26.808105
Tree 448	18	0	0	0	0	0	0	0	1	42.933334	97.000000	9.000000	26.225857
Tree 449	18	0	0	0	0	0	0	1	0	56.400002	94.000000	17.000000	21.102289
Tree 450	16	0	0	0	1	0	0	0	0	57.461540	100.000000	13.000000	31.171032
Tree 451	16	0	0	0	1	0	?	0	0	48.538460	99.000000	14.000000	25.710264
Tree 452	16	0	0	0	0	0	?	0	0	56.769230	78.000000	34.000000	14.597965
Tree 453	16	0	0	0	?	0	0	0	0	44.692307	82.000000	7.000000	20.416376
Tree 454	20	0	0	0	0	0	0	1	0	58.588234	92.000000	23.000000	22.109510
Tree 455	22	0	0	0	0	0	0	0	0	49.526318	100.000000	16.000000	23.394485
Tree 456	20	0	0	0	0	0	1	0	0	53.882355	100.000000	23.000000	21.532143
Tree 457	18	0	0	0	0	0	0	0	0	35.333332	74.000000	9.000000	16.254913
Tree 458	17	0	0	0	?	0	0	1	1	57.714287	99.000000	13.000000	25.135145
Tree 459	18	0	0	0	0	1	?	1	0	56.866665	89.000000	28.000000	19.540955
Tree 460	19	0	0	0	0	0	?	0	0	43.625000	74.000000	12.000000	19.341908
Tree 461	19	0	0	0	0	?	0	?	0	54.875000	96.000000	16.000000	24.502232
Tree 462	16	0	0	0	?	?	0	0	0	33.230770	91.000000	3.000000	24.334698
Tree 463	16	0	0	0	0	0	?	0	1	50.923077	100.000000	18.000000	22.262287
Tree 464	20	0	0	0	0	0	1	0	0	45.352940	98.000000	15.000000	26.672173
Tree 465	16	1	0	0	0	0	?	0	0	49.538460	100.000000	13.000000	24.320347
Tree 466	15	1	1	0	1	0	1	1	1	60.833332	97.000000	12.000000	27.248343
Tree 467	16	0	0	0	?	0	0	0	0	57.000000	100.000000	30.000000	18.912756
Tree 468	15	1	1	0	?	0	?	0	0	65.250000	100.000000	25.000000	25.357855
Tree 469	16	0	1	0	?	1	0	1	1	46.923077	100.000000	17.000000	23.043310
Tree 470	16	0	1	1	?	0	0	1	1+	42.153847	96.000000	10.000000	24.101854
Tree 471	18	0	0	0	0	0	?	1	0	59.799999	100.000000	27.000000	22.975929
Tree 472	17	0	0	0	0	0	?	0	0	63.642857	97.000000	24.000000	24.126474
Tree 473	16	0	0	0	1	0	1	1	0	52.538460	100.000000	22.000000	23.737719
Tree 474	20	0	0	1	0	1	0	1	0	64.176468	99.000000	29.000000	21.593122
Tree 475	16	0	0	0	?	0	0	0	0	56.076923	94.000000	22.000000	21.502995
Tree 476	20	0	0	0	0	0	0	0	0	48.411766	93.000000	4.000000	25.816227
Tree 477	17	0	0	0	0	1	0	1	1	72.714287	100.000000	32.000000	19.897697
Tree 478	17	0	0	0	?	0	0	0	0	50.857143	76.000000	22.000000	14.879790
Tree 479	16	0	0	1	1	?	1	1	1	46.538460	92.000000	8.000000	24.465408
Tree 480	19	0	0	0	0	0	?	1	0	54.375000	97.000000	11.000000	24.924574
Tree 481	20	0	0	0	1	0	?	0	0	47.882355	99.000000	13.000000	27.055241
Tree 482	20	0	0	0	0	0	?	0	0	51.647060	92.000000	27.000000	17.927767
Tree 483	16	0	0	0	0	0	?	0	0	39.153847	83.000000	3.000000	22.249790
Tree 484	18	1	1	0	0	0	1	1	0	61.266666	98.000000	26.000000	20.676771
Tree 485	16	0	0	0	?	0	?	0	0	45.000000	100.000000	15.000000	21.975510
Tree 486	23	0	0	0	0	0	0	1	0	32.166668	100.000000	1.000000	23.617907
Tree 487	19	0	0	0	?	0	0	0	0	56.562500	98.000000	20.000000	23.616648
Tree 488	20	0	0	0	0	0	0	0	0	43.882355	79.000000	18.000000	18.492867
Tree 489	20	0	0	0	0	0	0	1	0	46.764706	96.000000	12.000000	24.623110
Tree 490	18	0	0	0	0	0	0	1	0	49.266666	96.000000	20.000000	18.491320
Tree 491	16	0	0	0	0	0	0	?	0	48.230770	83.000000	28.000000	16.884922
Tree 492	18	0	0	0	0	0	0	0	0	48.599998	96.000000	22.000000	22.481993
Tree 493	17	0	0	0	?	1	0	0	1	48.000000	93.000000	24.000000	17.357584
Tree 494	19	0	0	0	?	0	0	0	0	60.375000	87.000000	23.000000	20.352749
Tree 495	17	0	0	0	0	0	?	0	0	41.214287	73.000000	17.000000	18.586397
Tree 496	16	0	0	0	?	0	0	0	0	37.846153	100.000000	7.000000	22.599680
Tree 497	16	0	0	0	?	0	1	1	1	56.846153	100.000000	24.000000	23.848387
Tree 498	18	0	0	0	0	0	0	0	0	61.466667	91.000000	38.000000	15.072566
Tree 499	16	0	0	0	0	0	?	1	1	54.230770	100.000000	7.000000	27.763157
Tree 500	21	0	0	0	0	0	0	0	0	43.888889	99.000000	9.000000	27.347330
Tree 501	22	0	0	0	?	0	0	1	1	57.736843	100.000000	17.000000	25.677847
Tree 502	16	0	0	0	?	0	1	1	0	43.384617	76.000000	18.000000	14.866268
Tree 503	17	1	0	0	1	0	0	1	0	55.714287	94.000000	21.000000	25.078245
Tree 504	22	0	0	0	0	1	0	0	0	50.789474	100.000000	3.000000	24.099747
Tree 505	19	0	0	0	?	1	1	1	0	50.125000	96.000000	14.000000	25.019680
Tree 506	20	0	0	0	0	0	0	0	0	37.705883	71.000000	5.000000	16.445148
Tree 507	16	0	0	0	0	0	?	0	0	54.923077	89.000000	26.000000	20.525637
Tree 508	21	1	1	0	0	0	?	1	1	68.166664	100.000000	30.000000	23.402872
Tree 509	17	0	0	0	0	1	0	1	0	47.000000	94.000000	15.000000	25.740463
Tree 510	16	0	1	0	?	1	1	0	1	64.076920	89.000000	39.000000	15.987791
Tree 511	17	0	0	0	0	0	?	1	0	59.142857	96.000000	16.000000	24.532360
Tree 512	21	0	0	0	?	0	0	0	0	43.888889	100.000000	6.000000	24.119814
Tree 513	17	0	0	1	?	0	0	1	1	67.071426	100.000000	16.000000	24.737087
Tree 514	18	0	0	0	?	0	0	0	1+	49.933334	81.000000	11.000000	23.561172
Tree 515	16	0	0	0	1	1	0	0	0	43.692307	92.000000	23.000000	19.320713
Tree 516	16	0	0	0	?	0	0	1	1	58.307693	98.000000	22.000000	19.400177
Tree 517	18	0	0	0	0	0	0	0	0	42.599998	85.000000	8.000000	22.446381
Tree 518	20	0	0	0	0	0	0	0	0	42.529411	92.000000	11.000000	20.158543
Tree 519	20	0	0	0	0	0	0	0	0	50.941177	93.000000	20.000000	25.919493
Tree 520	20	0	0	0	0	0	0	0	0	61.470589	97.000000	30.000000	21.914589
Tree 521	17	0	0	0	0	0	?	0	0	51.357143	93.000000	20.000000	22.942810
Tree 522	21	0	0	0	0	0	?	0	0	57.666668	100.000000	22.000000	24.610294
Tree 523	16	0	0	0	0	?	0	1	0	48.461540	98.000000	25.000000	20.794287
Tree 524	17	0	0	0	0	0	0	1	0	55.142857	99.000000	28.000000	23.579218
Tree 525	16	0	0	0	0	0	?	1	1	49.615383	77.000000	14.000000	19.562675
Tree 526	18	0	0	0	0	0	?	0	0	46.266666	100.000000	14.000000	29.989925
Tree 527	21	0	0	0	0	0	0	0	0	53.722221	100.000000	8.000000	25.310968
Tree 528	16	0	0	0	?	0	0	0	0	39.615383	80.000000	9.000000	19.719332
Tree 529	18	0	0	0	0	0	0	0	0	39.599998	89.000000	2.000000	24.442585
Tree 530	19	0	0	0	0	0	0	0	0	60.562500	92.000000	28.000000	18.381269
Tree 531	16	0	0	0	?	0	0	0	0	47.769230	100.000000	26.000000	24.153845
Tree 532	19	0	0	0	0	0	1	0	0	58.687500	99.000000	32.000000	18.853775
Tree 533	19	0	0	1	1	1	0	1	0	53.812500	98.000000	8.000000	29.780905
Tree 534	16	1	1	0	1	1	?	1	1+	69.461540	100.000000	19.000000	28.001690
Tree 535	17	0	0	0	0	0	?	?	0	41.785713	100.000000	11.000000	26.325377
Tree 536	17	0	0	0	0	0	?	0	0	48.357143	93.000000	26.000000	19.948530
Tree 537	17	0	0	0	0	0	?	1	0	50.928570	100.000000	11.000000	26.708651
Tree 538	20	0	0	0	0	0	?	0	0	49.705883	99.000000	16.000000	20.599157
Tree 539	21	0	0	0	?	0	0	0	0	47.944443	100.000000	18.000000	22.581882
Tree 540	16	0	0	0	?	0	0	0	0	38.692307	86.000000	3.000000	24.262617
Tree 541	19	0	0	0	0	0	?	0	0	56.562500	99.000000	21.000000	24.341242
Tree 542	17	0	0	0	?	1	?	1	0	59.571430	100.000000	26.000000	21.718046
Tree 543	20	0	0	0	0	0	?	1	0	57.411766	100.000000	16.000000	30.078445
Tree 544	17	0	0	0	0	0	0	0	1+	52.785713	100.000000	14.000000	21.438213
Tree 545	16	0	0	0	1	0	0	0	0	50.923077	100.000000	6.000000	32.266823
Tree 546	17	0	0	0	0	0	0	0	0	46.000000	80.000000	19.000000	18.055470
Tree 547	17	0	0	0	0	0	0	1	0	54.857143	94.000000	27.000000	22.683718
Tree 548	18	0	0	0	0	0	0	0	0	57.400002	99.000000	17.000000	21.813757
Tree 549	20	0	0	0	?	0	0	0	0	40.882355	82.000000	9.000000	21.452772
Tree 550	16	0	0	0	0	0	0	0	0	55.307693	95.000000	24.000000	21.620449
Tree 551	17	0	0	0	0	1	?	0	0	47.714287	76.000000	15.000000	17.318150
Tree 552	20	0	1	0	0	0	0	1	1	64.411766	99.000000	34.000000	18.208139
Tree 553	17	0	0	0	0	0	?	1	0	59.500000	98.000000	31.000000	23.957552
Tree 554	22	0	0	0	0	0	0	0	0	53.631580	99.000000	23.000000	21.101784
Tree 555	20	0	0	0	0	?	0	0	0	48.705883	99.000000	17.000000	21.741163
Tree 556	16	0	0	0	1	0	?	0	0	46.615383	75.000000	14.000000	17.895159
Tree 557	17	0	0	0	0	0	?	0	0	49.428570	81.000000	19.000000	18.980118
Tree 558	18	0	0	0	0	0	0	0	1	42.666668	79.000000	16.000000	18.692839
Tree 559	23	0	0	0	0	0	0	0	0	33.549999	90.000000	4.000000	21.932796
Tree 560	17	0	0	0	0	0	?	0	0	52.071430	89.000000	9.000000	24.952711
Tree 561	16	0	0	0	?	0	0	1	0	48.230770	97.000000	8.000000	29.571697
Tree 562	24	0	0	0	0	0	0	0	0	46.428570	77.000000	24.000000	17.540625
Tree 563	18	0	1	0	0	0	?	0	0	65.066666	100.000000	15.000000	26.324808
Tree 564	17	0	0	0	1	0	0	0	0	55.642857	88.000000	38.000000	12.390129
Tree 565	16	0	0	0	?	0	0	?	0	59.000000	100.000000	27.000000	19.911343
Tree 566	18	1	1	0	?	0	1	0	0	62.066666	90.000000	18.000000	23.046234
Tree 567	20	0	0	0	?	0	0	0	0	36.588234	82.000000	5.000000	24.487833
Tree 568	18	0	0	0	0	0	?	0	0	51.266666	98.000000	6.000000	29.553268
Tree 569	21	0	0	0	0	0	0	0	0	47.388889	99.000000	12.000000	24.171009
Tree 570	16	0	0	0	0	0	0	0	0	51.230770	91.000000	23.000000	18.921513
Tree 571	21	0	0	0	0	0	0	0	0	58.444443	100.000000	15.000000	30.199747
Tree 572	18	1	0	0	1	1	0	1	1+	55.200001	99.000000	19.000000	22.716219
Tree 573	18	0	0	0	0	?	0	0	1	64.866669	94.000000	45.000000	15.508565
Tree 574	15	0	0	0	?	0	0	0	1	55.250000	100.000000	6.000000	30.946526
Tree 575	22	0	0	0	0	0	0	0	0	47.000000	98.000000	23.000000	20.243258
Tree 576	18	0	0	0	?	0	1	1	0	40.866665	98.000000	15.000000	22.768009
Tree 577	21	0	0	0	1	0	0	0	0	43.444443	98.000000	13.000000	19.146286
Tree 578	17	0	0	0	0	0	0	1	0	58.571430	76.000000	36.000000	11.800208
Tree 579	17	0	0	0	0	0	0	0	0	51.500000	100.000000	4.000000	31.504534
Tree 580	20	0	0	0	0	0	1	0	0	58.235294	100.000000	34.000000	22.735125
Tree 581	16	0	0	0	0	0	0	1	0	49.769230	83.000000	23.000000	17.191921
Tree 582	17	0	0	0	?	0	0	1	0	59.500000	94.000000	25.000000	18.935040
Tree 583	22	0	0	0	?	0	0	0	0	58.000000	97.000000	19.000000	20.716127
Tree 584	17	0	0	0	0	0	?	1	0	49.000000	95.000000	17.000000	21.162636
Tree 585	16	0	0	0	0	0	?	1	0	62.692307	98.000000	23.000000	22.299997
Tree 586	16	0	0	0	1	0	0	0	0	46.923077	99.000000	8.000000	28.201096
Tree 587	16	0	0	0	?	0	0	1	1+	48.384617	95.000000	8.000000	26.131439
Tree 588	19	0	0	0	0	0	0	0	0	47.062500	93.000000	13.000000	22.744419
Tree 589	21	0	0	0	0	0	0	0	0	53.555557	99.000000	13.000000	26.644203
Tree 590	23	0	0	0	0	0	0	0	0	46.750000	100.000000	6.000000	23.824095
Tree 591	18	0	0	0	1	0	1	1	1	58.599998	100.000000	15.000000	28.047104
Tree 592	16	0	1	0	1	0	?	0	0	57.230770	100.000000	20.000000	24.742222
Tree 593	21	0	0	0	0	0	1	0	0	55.500000	100.000000	7.000000	24.379522
Tree 594	21	0	0	0	0	0	0	0	0	40.944443	80.000000	13.000000	19.080158
Tree 595	19	1	0	0	0	0	0	0	0	58.062500	94.000000	20.000000	21.232254
Tree 596	16	0	0	0	?	0	?	0	0	52.615383	96.000000	16.000000	27.068399
Tree 597	15	1	0	0	?	0	?	0	1	58.000000	93.000000	11.000000	27.607367
Tree 598	16	0	0	0	?	0	?	0	1	58.923077	100.000000	16.000000	24.684040
Tree 599	16	0	0	0	0	0	0	0	0	43.846153	87.000000	19.000000	19.041843
Tree 600	18	0	0	0	?	0	0	0	0	41.799999	76.000000	23.000000	15.544346
Tree 601	24	0	0	0	0	1	0	0	0	57.714287	100.000000	29.000000	21.651224
Tree 602	18	0	0	0	0	0	0	1	0	53.571430	100.000000	10.000000	28.291124
Tree 603	19	0	0	0	0	0	0	0	0	62.187500	100.000000	37.000000	19.497496
Tree 604	19	0	0	0	0	0	0	0	1	56.125000	98.000000	20.000000	24.095837
Tree 605	17	1	1	0	1	1	?	1	1	67.500000	94.000000	25.000000	22.827770
Tree 606	17	0	0	0	0	0	?	1	1	62.214287	100.000000	24.000000	18.079897
Tree 607	17	0	0	0	0	0	1	0	0	51.071430	100.000000	18.000000	24.800531
Tree 608	22	0	0	0	0	0	0	1	0	56.052631	97.000000	17.000000	20.846491
Tree 609	17	1	0	0	?	0	0	0	1	55.500000	89.000000	24.000000	23.356707
Tree 610	19	0	0	0	0	0	?	0	0	46.312500	96.000000	17.000000	24.524780
Tree 611	18	0	0	1	0	1	0	1	0	68.066666	97.000000	9.000000	28.327763
Tree 612	17	0	0	0	?	0	0	?	0	52.285713	99.000000	15.000000	26.911041
Tree 613	22	0	0	0	0	0	0	0	0	59.736843	100.000000	17.000000	21.785658
Tree 614	19	0	0	0	0	0	0	0	1	49.687500	96.000000	26.000000	19.680952
Tree 615	16	0	0	0	?	0	0	0	0	56.153847	92.000000	29.000000	19.599239
Tree 616	15	1	0	0	1	0	0	1	0	51.583332	100.000000	13.000000	25.467163
Tree 617	17	0	0	0	1	0	?	0	1	44.214287	79.000000	4.000000	23.324354
Tree 618	16	0	0	0	?	0	0	0	0	45.076923	92.000000	17.000000	26.298468
Tree 619	21	0	0	0	0	0	?	0	0	58.666668	100.000000	7.000000	30.298515
Tree 620	18	0	0	0	0	0	0	0	0	48.466667	93.000000	11.000000	21.102501
Tree 621	18	0	0	0	0	0	0	0	0	51.933334	87.000000	19.000000	20.263157
Tree 622	17	0	0	0	0	0	?	1	1	56.714287	100.000000	27.000000	23.211538
Tree 623	16	0	0	0	1	0	?	0	0	52.461540	95.000000	19.000000	22.835922
Tree 624	18	0	0	0	0	0	0	0	0	44.333332	83.000000	19.000000	20.131788
Tree 625	16	0	0	0	1	0	0	0	0	54.615383	94.000000	23.000000	23.850620
Tree 626	21	0	0	0	0	0	1	0	1	52.500000	100.000000	18.000000	23.530712
Tree 627	17	1	0	0	?	0	0	1	0	43.785713	83.000000	19.000000	21.058350
Tree 628	22	0	0	0	0	1	0	0	0	44.947369	97.000000	1.000000	31.293978
Tree 629	17	0	0	0	0	0	?	1	0	61.142857	100.000000	17.000000	22.799929
Tree 630	17	0	0	0	0	0	0	0	1	64.785713	87.000000	47.000000	12.851784
Tree 631	21	0	0	0	0	0	0	0	0	49.333332	82.000000	9.000000	21.434656
Tree 632	18	0	0	0	0	0	0	0	0	52.933334	82.000000	12.000000	20.599245
Tree 633	19	0	0	0	?	0	1	0	1	63.125000	96.000000	30.000000	19.845890
Tree 634	23	0	0	0	0	0	0	1	0	54.299999	100.000000	22.000000	22.797152
Tree 635	16	0	0	0	0	0	?	0	0	47.307693	100.000000	12.000000	25.326740
Tree 636	16	0	0	0	0	0	0	1	1+	53.230770	90.000000	29.000000	16.272457
Tree 637	18	0	0	0	0	0	0	0	0	42.200001	79.000000	18.000000	18.316477
Tree 638	20	1	0	0	1	0	0	1	1	54.529411	100.000000	23.000000	25.118818
Tree 639	18	0	0	0	0	0	0	0	0	58.266666	88.000000	34.000000	18.086704
Tree 640	18	1	0	0	?	1	0	0	0	44.666668	100.000000	14.000000	21.773582
Tree 641	19	0	0	0	?	0	0	0	0	61.500000	100.000000	29.000000	23.347912
Tree 642	19	0	0	0	0	0	?	1	0	59.625000	93.000000	25.000000	21.085762
Tree 643	21	0	0	0	0	1	0	1	1	61.944443	99.000000	25.000000	22.889767
Tree 644	16	0	0	0	0	0	?	0	1	40.307693	82.000000	17.000000	20.291660
Tree 645	17	0	0	0	0	0	0	0	0	60.642857	97.000000	26.000000	22.211988
Tree 646	19	0	0	0	0	0	?	0	0	56.375000	100.000000	17.000000	25.992487
Tree 647	16	1	0	0	0	1	?	0	0	56.000000	100.000000	18.000000	27.021360
Tree 648	19	0	0	0	?	0	0	0	1	53.312500	99.000000	26.000000	21.365038
Tree 649	16	0	0	0	?	0	0	0	1	41.846153	79.000000	9.000000	21.540110
Tree 650	18	0	0	0	?	0	0	0	0	63.333332	100.000000	27.000000	22.466764
Tree 651	21	0	0	0	0	0	0	1	0	58.111111	99.000000	14.000000	22.459566
Tree 652	16	0	0	0	0	0	?	1	1	56.153847	92.000000	12.000000	26.252754
Tree 653	20	0	0	0	1	0	0	0	0	57.941177	100.000000	15.000000	23.653057
Tree 654	16	0	0	0	0	1	?	1	0	53.307693	93.000000	13.000000	21.427462
Tree 655	23	0	0	0	0	0	0	0	0	49.549999	97.000000	11.000000	25.533262
Tree 656	20	0	0	0	0	1	?	0	0	49.470589	75.000000	19.000000	14.613119
Tree 657	19	0	0	0	?	0	0	0	0	42.437500	98.000000	3.000000	25.838366
Tree 658	17	0	0	0	0	0	?	0	0	52.500000	100.000000	9.000000	26.583427
Tree 659	16	1	1	0	1	0	?	1	1	63.692307	100.000000	35.000000	18.137867
Tree 660	16	0	0	0	?	0	0	0	0	51.615383	99.000000	27.000000	20.269487
Tree 661	16	0	0	1	0	1	1	1	0	45.384617	80.000000	17.000000	21.716845
Tree 662	18	0	0	0	0	0	0	?	1	47.133335	91.000000	20.000000	15.568630
Tree 663	16	0	0	0	0	0	?	1	1+	52.923077	100.000000	18.000000	25.354294
Tree 664	18	0	0	0	1	0	0	1	0	45.933334	87.000000	14.000000	23.530027
Tree 665	22	0	0	0	0	0	0	0	0	55.421051	93.000000	20.000000	20.314152
Tree 666	16	1	0	0	?	0	0	0	1	57.615383	93.000000	19.000000	22.050777
Tree 667	22	0	0	0	0	0	0	0	0	48.736843	94.000000	17.000000	20.756336
Tree 668	16	1	0	0	0	0	0	1	0	55.923077	96.000000	15.000000	25.186874
Tree 669	17	0	0	0	?	0	0	0	0	49.500000	82.000000	18.000000	16.426243
Tree 670	21	0	0	0	?	0	0	1	0	51.000000	81.000000	15.000000	19.072960
Tree 671	15	0	0	0	0	?	0	0	0	51.166668	78.000000	27.000000	16.195850
Tree 672	16	0	0	0	0	0	1	0	0	59.692307	97.000000	24.000000	23.711031
Tree 673	16	0	0	0	0	0	?	0	1	50.307693	93.000000	28.000000	20.352224
Tree 674	17	0	0	0	?	0	0	0	0	42.000000	100.000000	5.000000	27.216066
Tree 675	16	0	0	0	0	0	?	0	0	48.384617	100.000000	10.000000	28.515955
Tree 676	21	0	0	0	0	0	0	1	1	61.444443	100.000000	19.000000	25.058205
Tree 677	20	0	0	0	?	0	0	0	1	57.529411	99.000000	18.000000	21.598251
Tree 678	17	0	0	0	1	0	?	1	1+	60.500000	92.000000	28.000000	20.244047
Tree 679	15	?	0	0	0	0	0	0	0	46.833332	85.000000	24.000000	20.614853
Tree 680	19	0	0	0	0	0	0	1	0	54.625000	83.000000	27.000000	18.486059
Tree 681	21	0	0	0	1	0	0	1	0	59.500000	88.000000	27.000000	20.982136
Tree 682	18	0	0	0	0	0	0	0	0	57.933334	98.000000	9.000000	28.360693
Tree 683	18	0	0	0	1	0	?	1	1	57.200001	94.000000	19.000000	24.150085
Tree 684	20	0	0	0	0	0	0	1	0	61.588234	98.000000	27.000000	21.882193
Tree 685	23	0	0	0	0	0	0	1	0	39.150002	85.000000	14.000000	16.793674
Tree 686	22	0	0	0	0	0	0	1	0	58.263157	94.000000	23.000000	23.046505
Tree 687	16	0	0	0	0	0	0	0	1+	45.461540	99.000000	9.000000	25.360828
Tree 688	20	0	0	0	0	0	0	1	0	45.941177	100.000000	4.000000	31.736914
Tree 689	20	0	0	0	0	0	0	0	0	45.882355	100.000000	3.000000	28.045935
Tree 690	18	0	0	1	0	0	?	1	0	61.666668	98.000000	20.000000	22.296986
Tree 691	16	0	0	0	1	0	0	0	0	46.923077	79.000000	15.000000	20.611652
Tree 692	24	0	0	0	0	0	0	0	0	50.666668	100.000000	26.000000	19.496845
Tree 693	18	0	1	0	0	0	0	0	1	56.000000	100.000000	17.000000	24.456764
Tree 694	16	0	0	0	1	0	?	0	1	44.000000	72.000000	12.000000	16.195915
Tree 695	19	0	0	0	0	0	0	0	0	51.812500	100.000000	12.000000	29.157372
Tree 696	21	0	0	0	0	0	0	0	1	50.333332	94.000000	8.000000	21.949436
Tree 697	17	0	0	0	?	0	0	1	0	54.500000	95.000000	22.000000	26.754839
Tree 698	17	1	0	0	0	0	0	0	0	53.214287	100.000000	15.000000	30.790024
Tree 699	21	0	0	0	1	0	0	1	1	56.666668	100.000000	15.000000	26.668751
Tree 700	16	0	0	0	?	0	0	1	0	53.000000	99.000000	29.000000	24.124676
Tree 701	16	0	0	0	0	0	?	1	0	50.230770	93.000000	15.000000	27.333141
Tree 702	17	0	0	0	0	0	?	0	0	41.071430	71.000000	20.000000	15.030750
Tree 703	17	1	1	0	1	0	?	1	0	52.285713	91.000000	12.000000	21.295300
Tree 704	18	0	0	1	1	1	0	1	1	69.666664	94.000000	36.000000	19.063635
Tree 705	16	0	0	0	0	0	?	0	0	43.538460	100.000000	3.000000	30.241629
Tree 706	20	0	0	0	1	0	0	0	0	58.941177	100.000000	26.000000	21.120022
Tree 707	17	0	0	0	?	0	?	1	0	39.928570	73.000000	2.000000	25.098276
Tree 708	16	0	0	0	0	0	?	0	0	45.461540	81.000000	12.000000	24.889339
Tree 709	17	0	0	0	1	0	0	0	0	68.428574	100.000000	34.000000	22.151152
Tree 710	15	0	0	0	?	0	?	1	0	51.416668	88.000000	7.000000	27.044588
Tree 711	19	0	0	0	0	0	0	0	0	36.562500	71.000000	8.000000	19.547918
Tree 712	16	1	1	0	0	0	?	1	0	56.461540	96.000000	17.000000	25.906981
Tree 713	17	0	0	0	?	0	0	1	0	59.857143	100.000000	19.000000	20.725613
Tree 714	16	0	0	0	?	0	1	1	0	52.230770	98.000000	19.000000	26.559523
Tree 715	17	0	0	0	0	1	0	1	0	50.285713	99.000000	18.000000	24.464050
Tree 716	17	0	0	0	0	0	0	0	1	50.071430	100.000000	12.000000	22.597294
Tree 717	18	0	0	0	0	0	0	0	0	51.000000	100.000000	14.000000	25.806976
Tree 718	21	0	0	0	?	0	0	0	0	60.055557	95.000000	11.000000	26.150148
Tree 719	20	0	0	0	0	0	0	0	0	46.705883	100.000000	11.000000	20.305794
Tree 720	19	0	0	0	?	0	0	0	0	45.250000	100.000000	8.000000	29.558205
Tree 721	22	0	0	0	0	0	0	0	1	56.263157	100.000000	17.000000	26.498941
Tree 722	22	0	0	0	0	0	0	0	0	63.052631	100.000000	27.000000	23.455385
Tree 723	16	1	0	0	0	0	0	1	0	56.846153	85.000000	27.000000	14.981251
Tree 724	24	0	0	0	1	0	1	1	0	54.238094	100.000000	19.000000	21.560335
Tree 725	15	0	0	0	0	?	?	0	0	60.666668	92.000000	9.000000	25.107546
Tree 726	18	0	0	0	0	0	?	1	1	52.066666	96.000000	22.000000	19.250858
Tree 727	16	0	0	0	1	0	0	1	1	45.923077	86.000000	16.000000	19.870586
Tree 728	16	0	0	0	0	0	1	0	0	52.000000	100.000000	22.000000	22.586586
Tree 729	19	0	0	0	1	0	0	0	0	51.687500	96.000000	20.000000	20.474737
Tree 730	18	0	0	0	0	0	0	1	0	59.266666	100.000000	11.000000	29.376785
Tree 731	22	0	0	0	0	0	0	0	0	46.210526	82.000000	16.000000	19.138222
Tree 732	21	0	0	0	0	0	0	1	0	49.555557	96.000000	13.000000	25.451963
Tree 733	16	0	0	1	0	0	0	1	1	43.307693	90.000000	10.000000	24.521214
Tree 734	17	0	0	0	?	0	?	1	0	60.714287	93.000000	28.000000	18.744251
Tree 735	17	0	0	0	?	0	?	0	0	50.214287	80.000000	20.000000	19.911154
Tree 736	20	0	0	0	1	0	1	0	0	52.058823	99.000000	27.000000	21.072622
Tree 737	16	0	0	0	1	0	0	1	1	58.153847	89.000000	19.000000	25.279503
Tree 738	17	0	0	0	0	0	0	0	0	49.000000	97.000000	24.000000	19.493589
Tree 739	19	0	0	0	0	?	0	0	0	37.000000	80.000000	16.000000	15.394804
Tree 740	21	0	0	0	0	0	0	1	1	60.388889	100.000000	21.000000	25.897532
Tree 741	20	0	1	0	?	0	0	1	0	55.529411	91.000000	24.000000	19.042112
Tree 742	19	0	0	0	1	0	0	1	0	51.687500	99.000000	16.000000	28.277020
Tree 743	21	0	0	0	0	0	0	0	0	42.833332	98.000000	15.000000	23.549593
Tree 744	16	0	0	0	?	0	0	0	0	43.384617	73.000000	13.000000	18.825264
Tree 745	22	0	0	0	0	0	0	0	0	45.947369	100.000000	3.000000	29.621246
Tree 746	22	0	0	0	1	0	0	0	0	45.631580	92.000000	4.000000	26.095392
Tree 747	19	0	0	0	1	0	0	0	1	59.750000	93.000000	21.000000	18.889481
Tree 748	16	0	1	1	?	0	1	1	1	57.923077	99.000000	30.000000	18.557444
Tree 749	17	0	0	0	0	1	0	1	0	52.214287	99.000000	21.000000	23.364132
Tree 750	22	0	0	0	0	0	0	1	1	52.263157	100.000000	7.000000	30.796175
Tree 751	16	0	0	0	1	?	?	0	0	46.307693	92.000000	11.000000	25.616655
Tree 752	19	0	0	0	0	0	?	0	0	52.062500	94.000000	28.000000	18.335310
Tree 753	18	0	0	0	0	0	0	0	0	51.066666	99.000000	20.000000	22.906961
Tree 754	19	0	0	0	0	0	?	0	0	55.875000	100.000000	13.000000	25.869564
Tree 755	22	0	0	0	0	0	0	1	0	51.315788	97.000000	17.000000	23.744370
Tree 756	20	0	0	0	0	0	0	0	0	37.882355	62.000000	18.000000	12.731999
Tree 757	17	0	0	0	?	0	0	0	0	59.500000	100.000000	19.000000	25.127533
Tree 758	23	0	0	0	0	0	0	0	0	59.750000	100.000000	12.000000	28.342327
Tree 759	16	1	0	0	0	0	0	0	0	48.692307	94.000000	21.000000	22.584488
Tree 760	16	0	1	0	0	1	0	1	1+	65.153847	99.000000	41.000000	18.891781
Tree 761	23	0	0	0	0	0	0	0	0	46.349998	100.000000	2.000000	33.309570
Tree 762	16	0	0	0	0	0	?	1	0	52.307693	100.000000	19.000000	28.751949
Tree 763	16	0	0	0	?	0	0	0	0	52.846153	89.000000	14.000000	21.324764
Tree 764	19	0	0	0	0	0	?	0	0	61.687500	100.000000	20.000000	25.731106
Tree 765	16	0	0	0	?	0	0	1	0	47.769230	96.000000	7.000000	23.710283
Tree 766	20	0	0	0	0	0	0	0	0	47.647060	85.000000	8.000000	22.143757
Tree 767	19	0	0	0	0	0	1	0	0	52.250000	98.000000	13.000000	23.177305
Tree 768	16	0	0	0	?	0	0	1	0	64.076920	94.000000	30.000000	22.043530
Tree 769	17	0	0	0	0	0	0	1	0	55.000000	98.000000	10.000000	22.152073
Tree 770	16	0	0	0	0	0	0	0	0	50.615383	93.000000	18.000000	23.529158
Tree 771	17	0	0	0	?	0	0	0	0	55.071430	94.000000	20.000000	24.814928
Tree 772	15	0	0	0	1	0	?	0	0	40.833332	100.000000	10.000000	26.937685
Tree 773	18	1	1	0	0	1	?	1	0	63.266666	100.000000	29.000000	23.037554
Tree 774	24	0	1	0	0	0	0	0	0	62.761906	100.000000	29.000000	23.892427
Tree 775	17	0	0	0	0	1	?	1	0	63.714287	99.000000	28.000000	23.947647
Tree 776	22	0	0	0	0	0	0	0	0	36.210526	58.000000	16.000000	11.293123
Tree 777	19	0	1	0	0	0	0	0	0	41.000000	89.000000	14.000000	19.586348
Tree 778	17	0	0	0	0	0	0	1	0	68.428574	100.000000	31.000000	22.585440
Tree 779	19	0	0	0	0	0	0	0	0	50.812500	93.000000	31.000000	18.490601
Tree 780	16	0	0	0	0	1	0	?	1	54.538460	79.000000	25.000000	15.628452
Tree 781	17	0	0	0	1	0	0	0	0	48.642857	98.000000	10.000000	27.858335
Tree 782	20	0	0	0	0	1	0	0	0	51.235294	99.000000	11.000000	23.259480
Tree 783	20	0	0	0	0	0	0	0	0	58.235294	99.000000	28.000000	21.358370
Tree 784	18	1	0	0	0	0	0	0	0	44.000000	93.000000	23.000000	18.949055
Tree 785	19	0	0	0	?	0	?	0	0	40.750000	87.000000	7.000000	23.799948
Tree 786	21	0	0	0	0	0	0	0	0	43.277779	88.000000	7.000000	25.622919
Tree 787	18	0	0	0	1	0	?	1	0	55.666668	98.000000	8.000000	27.007816
Tree 788	17	1	0	0	0	0	?	0	1	38.000000	91.000000	13.000000	25.410910
Tree 789	16	0	0	0	1	0	?	1	0	52.692307	100.000000	21.000000	21.875116
Tree 790	21	0	0	0	0	0	0	0	0	42.277779	100.000000	18.000000	20.601526
Tree 791	21	0	0	0	1	0	0	0	0	46.666668	95.000000	19.000000	20.529112
Tree 792	18	0	0	0	0	0	?	1	0	62.733334	100.000000	34.000000	22.061932
Tree 793	19	1	1	0	1	0	?	0	0	65.562500	100.000000	34.000000	21.121578
Tree 794	16	0	0	0	?	0	?	0	0	60.230770	100.000000	33.000000	16.613960
Tree 795	17	0	0	0	?	1	?	0	0	51.642857	100.000000	23.000000	21.215248
Tree 796	18	0	0	0	1	0	0	0	1	51.200001	95.000000	5.000000	28.918737
Tree 797	18	1	1	0	0	0	0	1	1	79.800003	100.000000	48.000000	16.075653
Tree 798	17	0	0	0	0	0	?	0	0	36.285713	79.000000	7.000000	22.150229
Tree 799	17	1	1	0	1	?	1	1	1	56.714287	77.000000	34.000000	13.322530
Tree 800	15	0	0	0	?	0	0	1	0	38.750000	70.000000	15.000000	15.557018
Tree 801	19	0	0	0	0	0	0	?	0	48.500000	97.000000	11.000000	19.554411
Tree 802	23	0	0	1	0	0	0	0	0	53.450001	100.000000	21.000000	22.249662
Tree 803	19	0	0	0	0	0	?	0	0	58.312500	100.000000	17.000000	24.450764
Tree 804	17	0	0	0	0	1	?	1	0	55.500000	92.000000	15.000000	24.993570
Tree 805	17	0	0	0	?	0	0	1	1	58.285713	99.000000	11.000000	26.493742
Tree 806	17	0	0	0	0	0	0	1	1+	47.571430	100.000000	5.000000	28.364250
Tree 807	21	0	0	0	0	0	0	0	0	36.166668	79.000000	14.000000	17.576025
Tree 808	17	0	0	0	0	0	?	0	0	54.000000	87.000000	33.000000	14.942748
Tree 809	20	0	0	0	0	0	?	1	0	55.294117	88.000000	13.000000	24.795078
Tree 810	17	0	0	0	1	0	?	1	0	46.928570	92.000000	14.000000	23.926865
Tree 811	17	0	0	0	0	0	1	1	1	55.928570	92.000000	18.000000	21.717224
Tree 812	21	0	0	0	0	0	0	0	0	55.444443	93.000000	25.000000	18.634562
Tree 813	17	0	0	0	?	0	0	0	0	40.714287	100.000000	21.000000	19.861767
Tree 814	21	0	0	0	1	0	0	1	0	59.611111	96.000000	9.000000	26.189775
Tree 815	18	0	0	0	1	0	0	0	0	52.400002	94.000000	16.000000	24.529711
Tree 816	16	0	0	0	0	1	?	0	0	62.000000	95.000000	23.000000	20.373438
Tree 817	17	0	0	0	?	0	?	1	1	66.428574	100.000000	27.000000	24.697351
Tree 818	18	0	0	0	?	0	1	0	0	58.133335	94.000000	26.000000	18.909843
Tree 819	18	0	0	0	0	0	?	0	0	52.133335	100.000000	21.000000	26.262436
Tree 820	19	0	0	0	0	0	0	0	0	43.187500	91.000000	17.000000	17.252604
Tree 821	16	0	0	0	1	1	0	1	0	61.846153	100.000000	21.000000	21.686033
Tree 822	16	0	0	0	0	0	?	0	1	37.538460	79.000000	17.000000	14.388111
Tree 823	17	0	0	0	0	0	?	1	0	54.214287	92.000000	28.000000	17.558794
Tree 824	16	0	0	0	0	0	?	0	0	61.615383	99.000000	25.000000	22.859230
Tree 825	21	0	0	0	0	0	0	0	0	51.000000	97.000000	26.000000	22.128412
Tree 826	21	0	0	0	0	0	0	1	0	54.111111	94.000000	17.000000	26.459379
Tree 827	16	0	0	0	?	0	0	0	0	47.846153	100.000000	23.000000	21.876740
Tree 828	19	0	0	0	?	0	0	0	0	40.437500	100.000000	4.000000	23.764387
Tree 829	23	0	0	0	0	0	0	0	0	54.599998	99.000000	11.000000	29.756346
Tree 830	20	0	0	0	0	0	0	1	1	52.705883	99.000000	15.000000	26.152864
Tree 831	21	0	0	0	1	0	0	0	0	57.833332	99.000000	18.000000	20.177683
Tree 832	15	1	1	0	0	0	?	0	1	48.083332	76.000000	23.000000	14.103536
Tree 833	16	0	0	0	?	1	0	0	1+	51.384617	100.000000	23.000000	24.653095
Tree 834	19	1	0	0	0	0	0	0	0	53.687500	99.000000	12.000000	24.732870
Tree 835	17	0	0	0	0	0	0	1	0	61.071430	94.000000	20.000000	22.527647
Tree 836	16	0	0	0	0	0	?	0	1	46.461540	94.000000	18.000000	19.357428
Tree 837	17	1	1	1	1	0	?	1	1	60.428570	99.000000	15.000000	28.414570
Tree 838	24	0	0	0	0	0	0	1	0	59.666668	100.000000	32.000000	20.737207
Tree 839	17	1	1	0	1	0	0	1	1	58.142857	89.000000	25.000000	23.868259
Tree 840	19	0	0	0	1	0	?	1	0	53.250000	99.000000	19.000000	20.849161
Tree 841	18	0	0	0	?	0	?	0	0	56.533333	98.000000	9.000000	31.398230
Tree 842	19	0	0	0	?	1	0	0	0	52.875000	100.000000	8.000000	26.509138
Tree 843	17	0	1	1	?	0	1	0	0	45.285713	81.000000	19.000000	21.965649
Tree 844	20	1	1	0	?	0	0	0	1	60.764706	100.000000	23.000000	25.470926
Tree 845	20	0	0	0	1	0	0	1	0	58.000000	95.000000	23.000000	24.367289
Tree 846	17	0	0	0	0	0	0	1	0	43.500000	100.000000	11.000000	25.581104
Tree 847	18	0	0	0	0	0	?	1	0	61.533333	90.000000	35.000000	15.339999
Tree 848	18	0	0	0	0	0	1	0	1	48.533333	93.000000	7.000000	26.545223
Tree 849	17	0	0	0	?	0	0	0	0	42.928570	89.000000	14.000000	24.542862
Tree 850	16	0	0	0	0	0	?	0	0	58.230770	96.000000	15.000000	26.103798
Tree 851	18	0	0	0	?	0	0	1	1	66.466667	100.000000	22.000000	25.565254
Tree 852	19	0	0	0	?	0	0	1	0	57.062500	94.000000	27.000000	22.793827
Tree 853	16	0	0	0	0	0	0	0	0	46.307693	75.000000	15.000000	18.865452
Tree 854	17	1	0	0	0	0	0	1	1	57.142857	97.000000	10.000000	27.758801
Tree 855	16	0	0	0	0	1	?	0	1	49.538460	78.000000	15.000000	19.971577
Tree 856	21	0	0	1	0	1	0	1	0	52.555557	96.000000	14.000000	23.305275
Tree 857	17	0	0	0	0	0	0	0	1	59.428570	93.000000	24.000000	21.192028
Tree 858	16	0	0	1	?	1	?	0	0	61.076923	98.000000	33.000000	19.132982
Tree 859	22	0	0	0	0	0	0	0	0	52.157894	100.000000	18.000000	24.934151
Tree 860	20	0	0	0	0	0	0	0	0	46.117645	86.000000	19.000000	18.926739
Tree 861	19	0	0	0	0	0	0	0	0	43.437500	80.000000	6.000000	23.811680
Tree 862	20	0	0	0	0	0	0	1	0	57.117645	100.000000	21.000000	23.361311
Tree 863	15	0	0	0	0	0	0	?	0	64.000000	100.000000	13.000000	28.565714
Tree 864	20	0	0	0	0	0	?	0	0	49.588234	100.000000	4.000000	28.096596
Tree 865	20	0	0	0	0	0	0	0	0	55.647060	96.000000	13.000000	26.173498
Tree 866	21	0	0	0	0	0	0	0	0	47.888889	91.000000	8.000000	27.632286
Tree 867	18	0	0	0	0	0	0	1	0	68.066666	98.000000	36.000000	20.443310
Tree 868	16	0	0	0	0	0	?	0	0	60.846153	86.000000	22.000000	18.600439
Tree 869	16	0	0	0	?	?	1	0	0	37.923077	86.000000	8.000000	25.021412
Tree 870	17	0	0	0	0	1	0	1	0	69.214287	100.000000	13.000000	26.907721
Tree 871	16	0	0	0	0	0	?	0	0	45.769230	88.000000	11.000000	22.056410
Tree 872	17	0	0	0	0	0	0	0	0	52.928570	82.000000	25.000000	15.191465
Tree 873	18	0	0	0	1	0	0	0	0	52.000000	100.000000	6.000000	28.495613
Tree 874	20	0	0	0	0	0	0	1	1	45.588234	100.000000	7.000000	27.508413
Tree 875	17	0	0	0	0	0	0	0	0	45.928570	85.000000	15.000000	15.795407
Tree 876	18	1	0	0	1	0	1	1	0	67.400002	100.000000	12.000000	29.286629
Tree 877	17	0	0	0	?	1	?	1	1	58.857143	100.000000	10.000000	29.002111
Tree 878	19	0	0	0	?	0	0	0	0	49.000000	100.000000	10.000000	28.556961
Tree 879	23	0	0	0	0	0	0	0	1	52.549999	97.000000	14.000000	25.078825
Tree 880	16	1	1	0	?	1	?	1	0	59.538460	99.000000	17.000000	23.087177
Tree 881	19	0	0	0	0	0	?	0	0	42.625000	100.000000	7.000000	24.634516
Tree 882	16	0	0	0	1	0	?	1	0	51.615383	97.000000	24.000000	19.963575
Tree 883	17	1	0	0	1	1	0	0	1	50.785713	100.000000	5.000000	27.365721
Tree 884	20	0	0	0	0	0	0	0	0	46.294117	97.000000	19.000000	20.752787
Tree 885	22	0	0	0	0	0	0	1	0	62.052631	100.000000	13.000000	29.551872
Tree 886	16	0	0	0	?	0	?	0	0	63.769230	100.000000	22.000000	28.636057
Tree 887	16	0	1	0	0	0	0	0	0	56.923077	91.000000	27.000000	20.600454
Tree 888	21	0	0	0	0	0	0	0	0	57.055557	99.000000	16.000000	23.665428
Tree 889	20	0	0	0	0	0	?	0	0	47.647060	100.000000	23.000000	19.923210
Tree 890	18	0	0	0	?	0	0	1	0	54.066666	96.000000	16.000000	22.104198
Tree 891	18	0	0	0	?	0	0	0	0	53.266666	79.000000	24.000000	14.685442
Tree 892	16	0	0	0	?	0	0	0	0	37.384617	68.000000	20.000000	14.307279
Tree 893	18	0	0	0	?	0	?	0	0	52.599998	97.000000	22.000000	18.874321
Tree 894	16	0	0	0	0	0	0	0	0	57.153847	99.000000	18.000000	24.241879
Tree 895	20	0	0	0	0	0	0	0	0	54.823528	100.000000	23.000000	25.784710
Tree 896	21	0	0	0	?	0	0	0	0	53.444443	100.000000	7.000000	29.422632
Tree 897	17	0	0	0	?	0	0	1	0	59.214287	100.000000	21.000000	21.567764
Tree 898	21	0	0	0	0	0	0	0	0	55.444443	99.000000	11.000000	22.684362
Tree 899	23	0	0	0	0	0	0	1	0	46.849998	100.000000	4.000000	32.932167
Tree 900	16	0	0	0	1	0	?	0	1	53.769230	100.000000	12.000000	23.871946
Tree 901	17	0	0	0	0	0	0	1	0	47.500000	100.000000	9.000000	24.645342
Tree 902	21	0	0	0	0	0	0	1	0	49.833332	100.000000	7.000000	21.636517
Tree 903	19	0	0	0	?	0	0	0	0	51.187500	97.000000	18.000000	23.828079
Tree 904	21	0	0	0	0	0	0	0	0	54.388889	100.000000	21.000000	24.367872
Tree 905	18	0	0	0	0	0	0	0	0	47.266666	100.000000	16.000000	24.271978
Tree 906	16	0	0	0	?	0	0	?	1+	48.000000	95.000000	20.000000	20.399849
Tree 907	18	0	0	0	?	0	0	0	0	55.266666	99.000000	20.000000	22.421616
Tree 908	17	0	0	0	?	0	0	0	0	49.357143	90.000000	14.000000	21.740702
Tree 909	19	0	0	0	?	0	0	0	0	45.875000	100.000000	11.000000	23.403727
Tree 910	16	1	0	0	?	0	1	1	1	64.769234	100.000000	33.000000	21.680029
Tree 911	21	0	0	0	0	0	0	0	0	48.388889	86.000000	23.000000	19.105377
Tree 912	16	0	0	0	0	0	?	0	0	56.307693	91.000000	21.000000	20.745285
Tree 913	17	0	0	0	0	?	0	1	0	55.857143	79.000000	19.000000	20.948431
Tree 914	16	0	0	0	?	0	0	1	0	49.384617	88.000000	5.000000	27.927210
Tree 915	22	0	0	0	0	1	0	0	0	45.842106	91.000000	2.000000	26.328419
Tree 916	20	0	0	0	0	0	0	1	0	48.823528	98.000000	13.000000	22.625429
Tree 917	19	0	0	0	0	0	0	0	0	49.812500	99.000000	22.000000	21.462812
Tree 918	18	0	0	0	0	1	0	0	0	49.466667	100.000000	13.000000	25.450256
Tree 919	18	0	0	0	0	0	?	1	1	57.066666	100.000000	19.000000	24.474384
Tree 920	19	0	0	0	0	0	0	0	0	49.187500	93.000000	17.000000	25.160034
Tree 921	20	0	0	0	?	0	0	0	0	58.117645	100.000000	10.000000	27.420221
Tree 922	20	0	0	0	0	0	0	1	0	56.764706	100.000000	11.000000	26.266798
Tree 923	18	1	0	0	?	0	0	0	0	55.933334	100.000000	24.000000	20.715427
Tree 924	16	0	0	0	0	0	0	0	0	36.769230	69.000000	3.000000	19.616138
Tree 925	16	0	0	0	0	?	0	1	0	38.076923	71.000000	7.000000	17.184347
Tree 926	17	0	0	0	?	0	?	0	0	43.000000	79.000000	13.000000	21.397596
Tree 927	16	0	0	0	0	0	0	0	1	46.230770	85.000000	21.000000	15.748767
Tree 928	19	0	0	0	?	0	?	1	0	51.625000	97.000000	16.000000	26.253273
Tree 929	19	0	0	0	0	0	?	1	0	57.250000	100.000000	19.000000	28.063543
Tree 930	18	0	0	0	0	0	0	0	0	62.866665	100.000000	27.000000	20.934395
Tree 931	19	0	0	0	0	0	0	1	0	52.500000	97.000000	22.000000	23.140873
Tree 932	16	0	0	0	0	0	0	1	1+	46.846153	100.000000	17.000000	23.435167
Tree 933	17	0	0	0	0	0	?	1	1+	61.000000	94.000000	17.000000	25.025702
Tree 934	16	0	0	0	?	0	0	0	1	53.769230	79.000000	13.000000	23.072308
Tree 935	18	0	1	0	0	0	0	0	1	61.599998	100.000000	20.000000	26.615284
Tree 936	17	1	0	1	0	1	0	?	1	52.500000	93.000000	13.000000	24.694563
Tree 937	19	0	0	0	1	0	0	1	0	41.500000	89.000000	4.000000	25.406693
Tree 938	18	0	0	0	0	0	0	0	0	53.066666	98.000000	20.000000	23.031765
Tree 939	18	0	0	0	0	0	?	1	0	47.066666	95.000000	2.000000	34.032272
Tree 940	16	0	0	0	0	0	?	0	0	42.923077	71.000000	17.000000	15.958897
Tree 941	17	0	0	0	?	1	0	0	0	47.500000	97.000000	10.000000	21.849321
Tree 942	16	0	0	0	?	0	0	1	0	64.538460	98.000000	35.000000	18.841915
Tree 943	17	0	0	0	?	0	0	0	0	48.571430	89.000000	0.000000	26.166265
Tree 944	19	0	0	0	0	0	0	1	1	44.937500	99.000000	6.000000	27.430523
Tree 945	22	0	0	0	0	0	0	1	0	58.526318	100.000000	24.000000	23.875486
Tree 946	19	0	0	0	0	0	0	0	0	46.187500	99.000000	17.000000	23.273426
Tree 947	20	0	0	0	0	0	?	1	1	58.882355	100.000000	32.000000	18.429140
Tree 948	16	0	0	0	0	0	0	?	0	55.692307	100.000000	23.000000	21.854008
Tree 949	19	0	0	0	?	1	0	0	0	63.250000	100.000000	25.000000	25.200447
Tree 950	17	0	0	0	0	0	?	0	0	57.571430	89.000000	8.000000	26.730705
Tree 951	16	0	0	0	?	0	0	0	0	48.615383	100.000000	10.000000	27.940977
Tree 952	17	0	0	0	0	0	1	0	0	53.714287	97.000000	20.000000	25.959938
Tree 953	21	0	0	0	0	0	1	0	0	52.500000	100.000000	16.000000	26.439133
Tree 954	19	0	0	0	1	0	0	1	0	57.562500	93.000000	22.000000	19.614946
Tree 955	16	0	0	0	?	0	?	0	0	61.769230	100.000000	25.000000	24.382067
Tree 956	17	0	1	0	0	0	?	0	0	48.714287	84.000000	20.000000	18.997852
Tree 957	20	0	1	0	?	0	0	1	0	60.117645	99.000000	12.000000	28.476784
Tree 958	23	0	0	0	0	0	0	0	0	51.400002	94.000000	20.000000	21.964518
Tree 959	16	0	0	0	?	0	0	0	0	52.846153	97.000000	25.000000	21.429117
Tree 960	16	0	0	0	?	0	0	?	1	47.923077	82.000000	14.000000	20.510641
Tree 961	16	1	1	0	1	0	?	1	1	66.307693	100.000000	35.000000	22.303448
Tree 962	21	0	0	0	0	0	0	0	0	42.500000	86.000000	18.000000	16.224981
Tree 963	21	0	0	0	0	0	0	0	0	45.000000	97.000000	11.000000	24.814871
Tree 964	18	0	0	0	0	0	?	0	0	48.666668	100.000000	10.000000	25.679218
Tree 965	21	0	0	0	?	0	0	0	0	56.166668	97.000000	21.000000	25.447657
Tree 966	19	0	0	0	?	0	0	0	0	54.062500	100.000000	23.000000	27.072746
Tree 967	22	0	0	0	0	0	0	1	0	60.315788	100.000000	22.000000	17.693449
Tree 968	17	0	0	0	0	?	0	0	0	40.571430	85.000000	10.000000	17.577234
Tree 969	18	1	0	0	0	1	?	0	0	53.200001	93.000000	24.000000	21.958141
Tree 970	16	0	0	0	1	0	0	0	0	58.615383	89.000000	24.000000	19.874756
Tree 971	20	0	0	0	0	0	0	0	0	45.352940	100.000000	11.000000	22.751707
Tree 972	24	0	0	0	1	0	0	0	0	46.619049	100.000000	16.000000	20.324688
Tree 973	24	0	0	0	1	0	0	0	1	47.619049	93.000000	17.000000	23.130018
Tree 974	16	0	0	0	0	0	?	0	0	40.307693	100.000000	16.000000	22.574268
Tree 975	17	0	0	0	0	0	?	1	1	49.571430	89.000000	24.000000	16.969360
Tree 976	16	0	0	0	0	0	?	0	0	40.384617	99.000000	8.000000	24.452585
Tree 977	22	0	0	0	0	0	0	0	0	54.473682	99.000000	22.000000	25.423506
Tree 978	17	0	0	0	0	0	?	0	0	57.428570	98.000000	30.000000	20.607607
Tree 979	20	0	0	0	0	0	0	0	0	48.470589	99.000000	25.000000	20.835823
Tree 980	16	0	0	0	?	0	0	1	0	56.538460	99.000000	11.000000	23.915285
Tree 981	15	0	0	0	?	0	?	1	0	52.500000	80.000000	31.000000	16.363068
Tree 982	17	0	0	0	?	0	0	1	0	46.285713	86.000000	8.000000	23.656555
Tree 983	21	0	0	0	0	0	0	0	0	58.333332	98.000000	17.000000	24.356153
Tree 984	16	0	1	0	0	0	0	0	0	53.769230	95.000000	14.000000	24.150661
Tree 985	19	0	0	0	1	0	?	1	0	57.687500	86.000000	10.000000	25.813559
Tree 986	17	0	0	0	1	0	?	1	0	55.500000	93.000000	16.000000	24.026028
Tree 987	16	0	0	0	1	0	?	0	0	70.076920	99.000000	30.000000	24.640373
Tree 988	17	0	0	0	0	0	0	1	0	50.071430	93.000000	15.000000	24.866686
Tree 989	18	0	0	0	?	0	0	0	0	54.066666	100.000000	17.000000	24.593946
Tree 990	16	0	0	0	0	0	?	0	0	58.615383	95.000000	27.000000	19.507547
Tree 991	15	0	0	0	0	0	?	0	1+	48.083332	98.000000	11.000000	28.520338
Tree 992	16	0	0	0	0	0	?	0	0	52.461540	93.000000	20.000000	18.628412
Tree 993	21	0	0	0	0	0	0	0	0	51.222221	100.000000	3.000000	26.931095
Tree 994	19	0	0	0	0	0	0	1	0	46.250000	93.000000	8.000000	26.698549
Tree 995	18	0	0	0	?	0	0	1	0	52.866665	80.000000	21.000000	17.951292
Tree 996	19	0	0	0	1	1	0	1	1	63.625000	92.000000	26.000000	17.424391
Tree 997	16	0	0	0	?	0	0	0	0	47.615383	100.000000	13.000000	23.995316
Tree 998	20	0	0	0	0	0	0	0	0	56.764706	100.000000	19.000000	20.932749
Tree 999	16	0	0	0	0	0	0	1	0	47.692307	72.000000	29.000000	11.730202
Tree 1000	19	1	0	0	?	0	0	0	0	52.812500	92.000000	16.000000	24.617622
Tree 1001	22	0	0	0	0	0	0	0	0	54.157894	97.000000	23.000000	22.055584
Tree 1002	17	0	0	0	0	0	?	0	0	47.714287	87.000000	12.000000	20.470985
Tree 1003	16	0	0	0	0	1	1	0	1	48.692307	97.000000	18.000000	24.100382
Tree 1004	16	0	0	0	1	0	?	0	0	39.230770	68.000000	13.000000	16.857565
Tree 1005	18	0	0	0	0	0	0	1	1	59.599998	99.000000	16.000000	25.444843
Tree 1006	21	0	0	0	0	0	0	0	0	50.833332	95.000000	3.000000	24.295059
Tree 1007	20	0	0	0	0	0	0	1	0	56.235294	100.000000	20.000000	26.230942
Tree 1008	16	0	0	0	1	0	?	0	1	62.923077	92.000000	26.000000	18.784042
Tree 1009	21	0	0	0	0	0	0	1	0	53.722221	85.000000	22.000000	17.501764
Tree 1010	17	0	0	0	?	0	0	0	0	51.214287	96.000000	30.000000	19.669333
Tree 1011	16	0	0	0	0	0	?	0	0	40.076923	91.000000	1.000000	28.192911
Tree 1012	17	0	0	0	0	0	0	0	0	49.500000	88.000000	6.000000	24.593117
Tree 1013	16	0	0	0	1	0	1	1	0	55.153847	99.000000	16.000000	26.961073
Tree 1014	17	0	0	0	0	0	1	0	0	62.571430	97.000000	20.000000	24.962011
Tree 1015	20	0	0	0	0	0	0	1	0	50.058823	100.000000	17.000000	30.885883
Tree 1016	16	0	0	0	?	0	0	0	1	54.923077	96.000000	23.000000	22.842138
Tree 1017	17	1	1	0	1	0	?	1	0	67.071426	100.000000	34.000000	20.902714
Tree 1018	18	0	0	0	0	0	1	0	0	50.066666	92.000000	25.000000	21.855484
Tree 1019	16	0	0	0	0	0	0	1	0	47.769230	98.000000	18.000000	21.318659
Tree 1020	16	0	0	0	?	0	0	0	0	64.692307	89.000000	38.000000	17.660841
Tree 1021	17	0	0	0	?	0	0	1	1	61.928570	99.000000	23.000000	23.647604
Tree 1022	16	0	0	0	0	0	0	0	0	41.076923	76.000000	16.000000	19.936289
Tree 1023	15	0	0	0	0	0	?	1	0	56.833332	91.000000	13.000000	25.012775
Tree 1024	17	0	0	0	?	0	0	0	0	49.357143	80.000000	19.000000	17.413488
Tree 1025	17	0	0	0	?	0	0	0	0	45.928570	81.000000	17.000000	20.094294
Tree 1026	19	0	0	0	?	?	0	0	0	52.875000	98.000000	19.000000	25.852648
Tree 1027	16	0	0	0	0	0	?	0	0	46.153847	89.000000	13.000000	18.050554
Tree 1028	16	0	1	0	0	0	1	0	1+	67.153847	96.000000	26.000000	20.470789
Tree 1029	17	1	0	0	?	0	0	0	0	40.714287	81.000000	14.000000	19.443798
Tree 1030	16	0	0	0	?	0	1	?	0	47.384617	93.000000	16.000000	18.886456
Tree 1031	18	0	1	0	0	0	0	0	0	57.000000	91.000000	24.000000	22.931782
Tree 1032	16	1	0	0	?	0	0	1	0	54.923077	95.000000	14.000000	26.684658
Tree 1033	20	0	0	1	?	0	0	1	0	48.411766	92.000000	6.000000	23.911749
Tree 1034	16	0	0	0	0	0	0	0	0	46.307693	89.000000	11.000000	26.805237
Tree 1035	17	0	0	0	1	0	0	0	0	59.285713	100.000000	23.000000	20.154503
Tree 1036	21	0	0	0	0	0	0	1	0	50.888889	100.000000	13.000000	28.409485
Tree 1037	17	0	0	0	?	0	0	0	0	43.000000	96.000000	9.000000	20.092644
Tree 1038	21	0	0	0	0	0	0	0	0	60.722221	93.000000	26.000000	18.657156
Tree 1039	18	0	0	0	1	0	0	0	0	56.000000	98.000000	18.000000	26.328691
Tree 1040	17	0	0	0	0	0	0	0	0	57.785713	85.000000	16.000000	22.838497
Tree 1041	18	0	0	0	0	0	0	1	0	51.333332	100.000000	24.000000	20.635460
Tree 1042	18	0	0	0	0	0	0	1	0	48.266666	98.000000	23.000000	27.665783
Tree 1043	18	0	0	0	0	0	0	0	0	58.666668	100.000000	30.000000	22.561522
Tree 1044	17	0	0	0	0	0	?	1	0	41.142857	97.000000	20.000000	21.463781
Tree 1045	24	0	0	0	0	0	0	0	0	56.238094	100.000000	14.000000	25.333782
Tree 1046	16	0	0	0	0	0	0	0	0	54.384617	100.000000	15.000000	26.681999
Tree 1047	18	0	0	0	?	0	0	1	0	60.733334	100.000000	20.000000	23.674084
Tree 1048	18	0	0	0	1	0	?	1	1	57.333332	94.000000	19.000000	25.606422
Tree 1049	22	0	0	0	0	0	0	0	0	56.157894	90.000000	22.000000	23.006323
Tree 1050	23	0	0	0	0	0	0	0	0	50.250000	100.000000	14.000000	20.901854
Tree 1051	19	0	0	0	?	0	0	1	0	58.625000	88.000000	17.000000	19.022602
Tree 1052	20	1	0	0	0	0	0	0	0	63.882355	100.000000	20.000000	23.036755
Tree 1053	15	?	0	0	0	0	0	0	0	57.166668	94.000000	16.000000	27.324694
Tree 1054	21	0	0	0	0	1	0	0	1	59.611111	100.000000	17.000000	23.944704
Tree 1055	16	0	0	0	?	0	?	0	0	47.461540	81.000000	14.000000	18.723146
Tree 1056	18	0	0	0	0	0	0	1	0	43.133335	100.000000	11.000000	20.854630
Tree 1057	17	0	0	0	0	0	0	0	0	49.428570	100.000000	12.000000	29.385891
Tree 1058	16	0	0	0	0	0	?	1	0	45.692307	88.000000	8.000000	22.018820
Tree 1059	16	0	1	0	0	0	?	1	0	62.461540	92.000000	29.000000	16.546511
Tree 1060	22	0	0	0	0	0	1	1	0	64.263161	97.000000	12.000000	28.350889
Tree 1061	18	0	0	0	0	0	0	1	0	55.266666	92.000000	15.000000	21.414845
Tree 1062	19	0	1	0	1	1	0	0	1	58.937500	83.000000	27.000000	13.325111
Tree 1063	20	0	0	0	0	0	?	1	0	59.705883	100.000000	39.000000	15.698500
Tree 1064	20	0	0	0	0	0	?	0	0	59.764706	96.000000	30.000000	22.597578
Tree 1065	21	0	0	0	0	0	0	0	0	55.777779	97.000000	14.000000	24.330034
Tree 1066	17	0	0	0	?	0	0	0	0	48.928570	96.000000	25.000000	20.182964
Tree 1067	20	0	0	0	0	0	0	0	0	53.000000	100.000000	18.000000	24.275381
Tree 1068	18	0	0	0	0	0	0	0	0	42.533333	70.000000	18.000000	16.704756
Tree 1069	17	0	0	0	0	0	?	0	0	50.714287	96.000000	20.000000	23.183825
Tree 1070	20	0	0	0	0	0	0	1	0	52.117645	99.000000	15.000000	26.832558
Tree 1071	21	0	0	0	?	0	0	0	0	53.888889	100.000000	23.000000	22.698235
Tree 1072	17	0	0	0	0	0	0	0	0	38.928570	97.000000	11.000000	18.960350
Tree 1073	16	0	1	1	1	1	0	1	1	60.692307	100.000000	17.000000	27.794256
Tree 1074	20	0	0	0	0	0	0	1	1	50.352940	92.000000	15.000000	20.897343
Tree 1075	16	0	0	0	0	0	0	0	1	53.461540	91.000000	17.000000	23.087175
Tree 1076	20	0	1	0	0	0	0	1	0	68.823532	100.000000	40.000000	18.052979
Tree 1077	16	1	0	0	1	0	?	1	0	51.076923	92.000000	27.000000	20.246410
Tree 1078	17	0	0	0	?	0	?	0	0	48.428570	100.000000	1.000000	31.238058
Tree 1079	19	0	0	0	0	0	0	0	0	55.437500	90.000000	23.000000	22.502691
Tree 1080	21	0	0	0	0	0	0	1	0	56.666668	99.000000	14.000000	25.845695
Tree 1081	19	0	0	0	0	0	0	0	0	40.437500	75.000000	17.000000	18.251606
Tree 1082	19	0	0	0	1	0	0	0	1	46.062500	100.000000	2.000000	28.018898
Tree 1083	17	0	0	0	0	0	1	0	0	44.500000	76.000000	16.000000	13.993621
Tree 1084	17	0	0	0	0	0	0	0	0	57.357143	86.000000	20.000000	17.874992
Tree 1085	21	0	0	0	0	0	0	0	0	50.888889	96.000000	14.000000	24.073704
Tree 1086	19	0	0	0	0	0	0	1	0	53.875000	100.000000	17.000000	26.381516
Tree 1087	16	0	0	0	1	0	?	0	1	60.230770	97.000000	22.000000	25.786560
Tree 1088	20	0	0	0	?	0	0	0	0	45.235294	82.000000	8.000000	16.923807
Tree 1089	18	0	0	0	1	1	0	0	1	50.266666	100.000000	11.000000	24.807167
Tree 1090	19	0	0	0	0	0	0	0	0	53.500000	100.000000	22.000000	20.248457
Tree 1091	19	0	0	0	0	0	0	0	0	54.250000	100.000000	18.000000	25.674646
Tree 1092	16	0	0	0	1	0	0	1	1	52.538460	84.000000	19.000000	21.428289
Tree 1093	19	0	0	0	0	0	0	0	1	44.812500	87.000000	7.000000	25.105326
Tree 1094	18	0	0	0	?	0	0	0	0	56.266666	93.000000	22.000000	19.682365
Tree 1095	16	0	0	0	0	0	?	0	0	62.846153	100.000000	22.000000	21.447060
Tree 1096	17	0	0	0	?	0	0	1	1	62.285713	100.000000	1.000000	30.792921
Tree 1097	17	0	0	0	0	0	?	0	1	52.142857	98.000000	5.000000	27.733057
Tree 1098	17	0	0	0	0	0	?	0	1	53.785713	84.000000	16.000000	21.004009
Tree 1099	19	0	0	0	1	0	?	1	0	44.312500	99.000000	16.000000	23.837257
Tree 1100	16	0	0	0	?	0	0	1	0	55.538460	81.000000	13.000000	20.514967
Tree 1101	22	0	0	0	0	0	0	1	0	59.947369	98.000000	21.000000	20.974855
Tree 1102	21	0	0	0	0	0	0	0	0	48.833332	98.000000	6.000000	26.604614
Tree 1103	22	0	0	0	0	0	1	1	1	58.157894	97.000000	6.000000	28.718716
Tree 1104	16	0	0	0	0	0	?	1	0	47.384617	85.000000	15.000000	22.916365
Tree 1105	18	0	0	0	0	0	0	0	1	44.866665	94.000000	13.000000	22.974962
Tree 1106	17	0	0	0	?	0	?	1	0	57.428570	87.000000	36.000000	15.755789
Tree 1107	16	1	1	0	1	1	?	1	1	61.538460	100.000000	36.000000	20.941732
Tree 1108	19	0	0	0	1	0	0	1	0	56.812500	99.000000	4.000000	33.963619
Tree 1109	16	0	0	0	0	0	?	0	0	64.384613	93.000000	17.000000	19.959724
Tree 1110	17	0	0	0	?	0	?	0	0	62.714287	91.000000	29.000000	18.140045
Tree 1111	19	0	1	0	0	0	0	0	0	55.875000	91.000000	28.000000	20.784233
Tree 1112	17	1	1	0	1	0	1	0	0	57.785713	100.000000	16.000000	28.523621
Tree 1113	17	0	0	0	1	0	?	1	0	51.357143	100.000000	15.000000	26.647453
Tree 1114	19	0	0	0	0	0	0	0	0	51.187500	93.000000	12.000000	25.785700
Tree 1115	21	0	0	0	0	0	0	1	0	58.222221	100.000000	16.000000	25.347706
Tree 1116	21	0	0	0	0	0	0	1	0	49.222221	100.000000	12.000000	26.353483
Tree 1117	19	0	0	0	0	0	?	0	0	52.375000	94.000000	18.000000	21.359644
Tree 1118	23	0	0	0	1	0	0	0	1	50.000000	100.000000	11.000000	23.532955
Tree 1119	16	1	0	0	?	0	0	0	0	38.000000	61.000000	19.000000	12.896034
Tree 1120	15	0	0	0	0	0	1	0	0	56.750000	100.000000	23.000000	22.256554
Tree 1121	22	0	0	0	0	0	0	0	0	50.473682	100.000000	16.000000	23.157059
Tree 1122	17	1	1	1	0	1	?	1	1	50.928570	99.000000	25.000000	22.682480
Tree 1123	17	0	0	0	0	0	1	0	1	59.500000	100.000000	31.000000	20.247576
Tree 1124	18	0	0	0	?	1	1	1	1	66.066666	100.000000	38.000000	20.001554
Tree 1125	15	0	0	0	?	0	?	0	0	47.000000	75.000000	19.000000	18.578661
Tree 1126	18	0	0	1	0	0	?	1	1	50.000000	100.000000	5.000000	27.156338
Tree 1127	16	0	0	0	0	1	?	1	0	64.153847	100.000000	30.000000	21.205391
Tree 1128	20	0	0	0	0	0	0	1	0	58.411766	93.000000	21.000000	19.751572
Tree 1129	15	0	0	0	?	0	?	1	0	49.166668	99.000000	18.000000	26.519909
Tree 1130	20	0	0	0	?	0	0	0	0	45.117645	100.000000	14.000000	24.616787
Tree 1131	17	0	0	0	0	0	0	0	0	47.071430	97.000000	8.000000	23.568939
Tree 1132	16	0	1	0	1	1	?	1	0	68.307693	100.000000	26.000000	24.186407
Tree 1133	17	0	0	0	?	0	0	0	0	49.000000	94.000000	20.000000	18.114714
Tree 1134	16	0	0	0	0	0	0	1	0	52.538460	100.000000	27.000000	20.360653
Tree 1135	21	0	0	0	0	0	0	1	0	58.055557	99.000000	10.000000	21.897419
Tree 1136	18	0	0	0	?	0	0	0	0	62.266666	93.000000	34.000000	15.884863
Tree 1137	17	0	0	0	0	?	0	0	0	42.071430	90.000000	9.000000	21.740232
Tree 1138	16	0	0	0	1	0	1	0	0	42.153847	100.000000	11.000000	29.162268
Tree 1139	19	0	1	0	1	1	?	0	1	58.500000	100.000000	7.000000	27.239677
Tree 1140	19	0	0	1	?	0	0	1	0	40.125000	99.000000	5.000000	28.108885
Tree 1141	21	0	0	0	0	0	?	0	0	39.611111	92.000000	7.000000	19.821814
Tree 1142	17	0	0	0	0	?	0	0	0	53.071430	95.000000	26.000000	22.390892
Tree 1143	20	0	0	0	0	0	0	0	0	41.176472	100.000000	21.000000	19.826408
Tree 1144	21	0	0	0	0	0	0	0	1	47.777779	100.000000	11.000000	24.468927
Tree 1145	16	1	0	0	0	0	0	0	0	47.000000	100.000000	15.000000	26.680445
Tree 1146	16	0	0	0	0	1	0	0	0	41.769230	92.000000	10.000000	23.635546
Tree 1147	21	0	0	0	0	1	0	0	0	54.500000	100.000000	21.000000	24.340752
Tree 1148	16	0	0	0	?	0	0	1	1	56.615383	100.000000	17.000000	26.684881
Tree 1149	19	0	0	0	0	0	1	1	0	48.187500	96.000000	15.000000	24.364983
Tree 1150	17	0	0	0	0	0	0	0	0	63.642857	99.000000	36.000000	21.786652
Tree 1151	19	0	0	0	0	0	0	1	0	48.125000	86.000000	3.000000	24.791317
Tree 1152	18	0	0	0	0	0	0	0	0	46.533333	85.000000	18.000000	25.019636
Tree 1153	20	0	1	0	0	0	1	0	0	60.294117	100.000000	23.000000	19.386972
Tree 1154	17	0	0	0	0	1	0	0	1	66.500000	99.000000	26.000000	23.178654
Tree 1155	16	0	0	0	?	0	1	1	1+	59.769230	99.000000	27.000000	27.588051
Tree 1156	17	1	0	0	?	0	0	0	0	44.428570	70.000000	22.000000	13.254188
Tree 1157	17	0	0	0	1	0	0	0	1	59.000000	94.000000	24.000000	20.064182
Tree 1158	15	1	1	1	0	0	?	1	0	53.916668	97.000000	24.000000	20.922310
Tree 1159	17	0	0	0	0	0	1	0	0	48.142857	99.000000	14.000000	26.386841
Tree 1160	20	0	0	0	0	0	0	0	0	56.058823	96.000000	10.000000	28.689966
Tree 1161	24	0	0	0	0	0	0	0	0	54.714287	98.000000	21.000000	24.501007
Tree 1162	17	0	0	0	?	1	0	0	0	39.928570	87.000000	16.000000	21.828764
Tree 1163	16	0	1	0	0	0	0	1	1	54.769230	98.000000	8.000000	31.317614
Tree 1164	16	0	0	0	?	0	?	1	0	36.692307	62.000000	16.000000	13.458681
Tree 1165	19	0	0	0	0	0	?	1	0	64.750000	100.000000	32.000000	17.376348
Tree 1166	19	0	0	0	0	0	1	1	0	58.250000	100.000000	20.000000	23.784185
Tree 1167	15	0	0	0	?	1	?	1	1	59.666668	88.000000	32.000000	19.189117
Tree 1168	17	1	1	0	1	0	?	1	0	48.214287	98.000000	26.000000	21.643801
Tree 1169	17	0	0	0	1	0	0	?	0	53.214287	93.000000	9.000000	26.202995
Tree 1170	18	0	0	0	?	0	0	1	1	44.599998	87.000000	7.000000	23.145338
Tree 1171	16	0	0	0	1	0	?	0	0	48.000000	100.000000	19.000000	26.769672
Tree 1172	24	0	0	0	0	0	0	0	0	52.666668	95.000000	14.000000	21.017754
Tree 1173	22	0	0	0	0	0	0	0	0	58.052631	94.000000	23.000000	20.024914
Tree 1174	23	0	0	0	0	0	0	1	0	52.900002	100.000000	20.000000	20.808411
Tree 1175	19	0	0	0	1	0	1	1	0	65.625000	100.000000	25.000000	22.585602
Tree 1176	18	0	0	0	?	0	0	0	0	46.000000	85.000000	11.000000	23.703726
Tree 1177	18	0	0	0	0	0	0	0	0	59.933334	93.000000	29.000000	16.587009
Tree 1178	16	0	0	0	?	0	0	0	0	47.000000	88.000000	19.000000	16.659485
