Tree number	size	Clan 1	Clan 2	Clan 3	Clan 4	Clan 5	Clan 6	Clan 7	Clan 8	Clan 9	Clan 10	boot_average	boot_max	boot_min	boot_stdev
Tree 1	53	0	0	0	0	0	0	1	0	0	0	72.900002	100.000000	11.000000	29.211130
Tree 2	44	0	0	0	0	0	0	0	0	0	0	69.853661	100.000000	13.000000	26.121258
Tree 3	51	1	0	0	0	0	0	0	0	0	0	76.958336	100.000000	34.000000	22.408108
Tree 4	53	0	0	0	0	0	0	1	0	0	0	81.720001	100.000000	21.000000	23.213823
Tree 5	53	1	0	0	0	0	0	1	1	0	0	80.379997	100.000000	30.000000	20.581442
Tree 6	52	1	0	0	0	0	1	0	0	0	1	83.591835	100.000000	40.000000	19.935528
Tree 7	49	0	0	0	0	0	0	1	0	0	0	79.913040	100.000000	22.000000	19.442028
Tree 8	50	0	0	0	1	0	1	1	0	0	1	84.914894	100.000000	32.000000	19.196444
Tree 9	50	0	0	0	0	0	0	1	0	0	0	68.319145	100.000000	16.000000	28.182613
Tree 10	44	0	0	0	0	0	0	0	0	0	0	56.170731	100.000000	15.000000	27.955456
Tree 11	53	1	0	1	0	1	1	1	0	0	0	79.699997	100.000000	29.000000	24.643253
Tree 12	55	0	0	0	0	0	0	1	0	0	0	82.346153	100.000000	35.000000	22.161022
Tree 13	44	0	0	0	0	0	0	0	0	0	0	74.341461	100.000000	12.000000	27.060556
Tree 14	53	0	0	0	0	0	1	1	0	0	0	79.160004	100.000000	22.000000	23.890886
Tree 15	46	0	0	1	0	0	0	0	0	0	0	71.279068	100.000000	13.000000	27.449171
Tree 16	51	0	0	0	1	0	1	0	0	0	0	82.333336	100.000000	20.000000	21.430447
Tree 17	50	0	0	0	0	0	1	0	0	0	0	72.489365	100.000000	20.000000	26.378485
Tree 18	52	0	0	0	0	1	0	1	0	0	1	84.102043	100.000000	42.000000	17.630270
Tree 19	52	0	0	0	0	0	0	1	0	0	0	76.693878	100.000000	20.000000	29.161901
Tree 20	51	0	0	0	0	0	0	0	0	0	0	71.833336	100.000000	12.000000	28.222578
Tree 21	47	0	0	0	0	0	0	0	0	0	0	70.750000	100.000000	34.000000	22.686726
Tree 22	48	0	0	0	0	0	0	1	0	0	0	80.955559	100.000000	29.000000	23.211067
Tree 23	53	0	0	0	1	1	0	0	0	0	0	78.680000	100.000000	18.000000	23.184856
Tree 24	45	0	0	0	0	0	0	0	0	0	0	70.785713	100.000000	13.000000	26.644518
Tree 25	53	0	0	0	0	1	0	0	0	0	0	81.320000	100.000000	31.000000	23.255486
Tree 26	50	0	0	0	0	0	0	0	0	0	0	67.680855	100.000000	11.000000	27.742054
Tree 27	46	0	0	0	0	0	1	0	0	0	0	72.232559	100.000000	14.000000	27.752090
Tree 28	49	0	0	0	0	0	0	0	0	0	0	69.826088	100.000000	15.000000	28.109495
Tree 29	50	1	1	1	1	?	1	0	1	0	1	89.893616	100.000000	34.000000	16.551958
Tree 30	48	0	0	0	0	0	0	0	0	0	0	68.088890	100.000000	17.000000	26.562143
Tree 31	52	0	0	0	0	0	0	0	0	0	0	81.632652	100.000000	28.000000	19.511057
Tree 32	59	0	0	0	0	0	0	1	0	0	1	80.142860	100.000000	28.000000	24.485003
Tree 33	43	0	0	0	0	0	1	0	0	0	0	63.525002	100.000000	22.000000	24.560118
Tree 34	51	0	0	0	0	0	0	1	0	0	0	72.500000	100.000000	23.000000	25.856977
Tree 35	47	0	0	0	0	0	0	0	0	0	0	64.931816	100.000000	23.000000	28.806877
Tree 36	44	0	0	0	0	0	1	1	0	0	0	74.975609	100.000000	24.000000	24.240149
Tree 37	48	0	1	0	0	1	1	1	0	0	0	74.400002	100.000000	21.000000	27.153389
Tree 38	58	1	0	0	0	0	0	1	0	0	0	81.618179	100.000000	33.000000	20.443705
Tree 39	46	0	0	0	0	0	0	0	0	0	0	76.209305	100.000000	17.000000	27.010386
Tree 40	47	0	0	0	0	0	0	0	0	0	0	71.136360	100.000000	16.000000	24.368937
Tree 41	49	0	1	0	0	1	0	1	0	0	0	81.152176	100.000000	30.000000	19.820902
Tree 42	49	0	0	0	0	0	0	0	0	0	0	71.673912	100.000000	12.000000	30.448854
Tree 43	49	0	0	1	1	0	0	0	0	0	0	76.782608	100.000000	23.000000	25.903593
Tree 44	50	0	0	0	0	0	1	0	0	0	0	79.276596	100.000000	25.000000	23.709858
Tree 45	49	0	0	1	0	0	1	0	0	0	0	79.304344	100.000000	18.000000	25.157652
Tree 46	56	0	0	0	0	0	0	0	0	0	0	73.584908	100.000000	9.000000	29.466600
Tree 47	44	0	0	0	0	0	0	0	0	0	0	72.902435	100.000000	29.000000	22.980165
Tree 48	55	1	0	0	0	0	1	1	1	0	0	85.096153	100.000000	17.000000	21.843201
Tree 49	56	0	0	0	0	0	0	0	0	0	0	81.339622	100.000000	36.000000	21.193577
Tree 50	54	1	1	0	1	1	1	1	1	0	0	90.117645	100.000000	47.000000	13.556921
Tree 51	55	0	1	0	0	1	0	1	0	0	0	81.211540	100.000000	31.000000	20.373753
Tree 52	55	0	0	0	0	0	1	0	0	0	0	76.673080	100.000000	24.000000	24.088558
Tree 53	45	0	1	0	0	0	0	0	0	0	0	72.071426	100.000000	30.000000	22.020979
Tree 54	45	0	0	0	0	0	1	1	0	0	0	79.500000	100.000000	25.000000	23.801010
Tree 55	48	1	0	0	0	?	0	0	0	0	0	78.888885	100.000000	31.000000	22.719765
Tree 56	54	0	0	0	0	0	0	0	0	0	0	74.509804	100.000000	28.000000	24.717520
Tree 57	44	0	0	0	0	0	1	1	0	0	0	77.926826	100.000000	28.000000	21.620213
Tree 58	55	0	0	1	0	0	0	0	0	0	0	74.692307	100.000000	33.000000	21.789677
Tree 59	52	0	0	0	0	0	0	0	0	0	0	68.836731	100.000000	7.000000	28.510183
Tree 60	46	0	0	0	0	0	0	0	0	0	0	64.930229	100.000000	23.000000	25.609224
Tree 61	49	0	?	0	0	0	0	0	0	0	0	68.543480	100.000000	24.000000	25.993900
Tree 62	47	1	1	0	0	0	0	1	0	0	0	81.363640	100.000000	25.000000	20.866558
Tree 63	50	0	0	0	0	0	1	1	0	0	0	77.021278	100.000000	26.000000	23.000916
Tree 64	46	0	0	0	0	0	0	0	0	0	0	71.604652	100.000000	20.000000	24.905531
Tree 65	54	0	1	0	1	1	1	1	0	0	0	87.745094	100.000000	30.000000	15.482873
Tree 66	48	0	0	0	0	0	0	0	0	0	0	66.355553	100.000000	22.000000	26.488705
Tree 67	49	0	0	0	0	0	0	1	0	0	0	67.543480	100.000000	26.000000	25.023211
Tree 68	52	0	0	0	0	0	1	1	0	0	0	74.530609	100.000000	19.000000	24.385592
Tree 69	54	0	0	0	0	0	1	0	0	0	0	73.509804	100.000000	21.000000	27.068810
Tree 70	48	0	1	0	0	0	0	1	0	0	1	82.644447	100.000000	26.000000	21.585135
Tree 71	43	1	1	0	0	0	0	0	0	0	1	70.375000	100.000000	11.000000	26.560955
Tree 72	50	0	0	0	0	0	0	0	0	0	0	74.808510	100.000000	18.000000	27.265158
Tree 73	50	0	1	0	0	0	0	0	0	0	0	71.914894	100.000000	25.000000	25.171608
Tree 74	45	0	0	0	0	0	0	0	0	0	0	82.023811	100.000000	19.000000	23.328390
Tree 75	56	1	0	0	0	0	0	0	0	0	0	79.924530	100.000000	26.000000	21.468580
Tree 76	48	0	0	0	1	0	1	0	0	0	0	76.199997	100.000000	12.000000	23.429895
Tree 77	49	0	0	0	0	0	0	1	0	0	0	71.086960	100.000000	15.000000	30.099707
Tree 78	55	0	0	0	0	0	0	1	0	0	1	80.307693	100.000000	24.000000	21.802910
Tree 79	48	0	0	0	0	0	0	0	0	0	0	70.044441	100.000000	17.000000	28.794256
Tree 80	46	0	0	0	0	0	1	0	0	0	0	72.046509	100.000000	31.000000	24.918427
Tree 81	48	0	1	1	1	?	1	1	0	0	1	81.822220	100.000000	22.000000	22.993998
Tree 82	53	0	0	0	0	0	0	1	0	0	1	72.959999	100.000000	24.000000	28.214861
Tree 83	45	0	0	1	1	0	0	0	0	0	0	69.952377	100.000000	3.000000	31.685173
Tree 84	55	0	1	0	0	0	0	0	0	0	0	72.576920	100.000000	16.000000	28.582771
Tree 85	47	0	1	0	0	0	0	1	0	0	1	77.659088	100.000000	25.000000	22.234236
Tree 86	53	0	0	0	1	0	0	0	0	0	0	67.739998	100.000000	14.000000	28.168638
Tree 87	56	0	0	0	0	0	1	0	0	0	0	79.358490	100.000000	4.000000	27.352411
Tree 88	51	0	0	0	0	0	0	1	0	0	0	74.750000	100.000000	27.000000	20.473051
Tree 89	49	1	0	1	0	1	1	1	0	0	1	82.608696	100.000000	34.000000	20.167210
Tree 90	46	0	1	0	0	1	1	1	0	0	1	84.209305	100.000000	27.000000	19.081900
Tree 91	51	1	1	1	1	1	1	0	0	0	0	76.875000	100.000000	4.000000	25.972441
Tree 92	47	0	0	0	0	0	0	0	0	0	0	68.181816	100.000000	6.000000	30.161894
Tree 93	54	0	0	0	0	0	0	0	0	0	0	64.568626	100.000000	10.000000	24.715046
Tree 94	50	1	0	0	0	0	0	1	0	0	0	80.404259	100.000000	22.000000	22.060516
Tree 95	50	0	0	0	0	0	0	0	0	0	0	67.234039	100.000000	20.000000	26.340014
Tree 96	52	0	0	0	0	0	0	0	0	0	0	63.448978	100.000000	21.000000	25.925373
Tree 97	52	0	0	0	0	0	0	1	0	0	1	78.020409	100.000000	27.000000	23.943378
Tree 98	56	0	0	0	1	0	0	1	0	0	0	78.245285	100.000000	29.000000	23.267847
Tree 99	52	0	0	0	0	1	0	1	0	0	0	78.591835	100.000000	17.000000	25.382719
Tree 100	54	0	0	0	0	0	0	0	0	0	0	62.509804	100.000000	10.000000	26.577576
Tree 101	57	0	1	0	0	0	0	1	1	0	1	85.592590	100.000000	32.000000	18.603580
Tree 102	58	1	0	0	0	0	0	0	0	0	0	83.599998	100.000000	31.000000	20.703627
Tree 103	51	0	0	0	0	0	0	0	0	0	0	67.812500	100.000000	13.000000	26.425726
Tree 104	55	0	0	0	0	0	1	1	0	0	0	73.403847	100.000000	17.000000	25.704130
Tree 105	54	0	0	0	0	0	0	0	0	0	0	71.156860	100.000000	17.000000	26.431839
Tree 106	52	0	0	0	0	0	1	0	1	0	0	72.530609	100.000000	1.000000	26.933859
Tree 107	50	0	0	0	0	0	0	0	0	0	0	73.553192	100.000000	24.000000	23.350983
Tree 108	43	0	0	1	0	1	0	0	0	0	0	71.650002	100.000000	19.000000	27.978163
Tree 109	54	0	1	1	0	0	1	1	1	0	1	85.686272	100.000000	22.000000	20.450314
Tree 110	45	1	1	0	0	1	0	1	1	0	1	82.952377	100.000000	35.000000	21.014677
Tree 111	47	0	0	0	0	0	0	1	0	0	0	75.886360	100.000000	18.000000	27.597937
Tree 112	44	0	0	0	0	0	1	0	0	0	0	77.487808	100.000000	16.000000	24.938089
Tree 113	52	1	0	0	0	0	0	0	0	0	0	76.142860	100.000000	36.000000	21.131271
Tree 114	50	0	0	0	0	0	0	0	0	0	0	74.644447	100.000000	5.000000	27.816185
Tree 115	54	1	0	1	0	1	1	0	0	0	0	82.960785	100.000000	24.000000	20.269712
Tree 116	52	1	0	0	0	0	0	0	0	0	0	77.755104	100.000000	14.000000	26.748661
Tree 117	49	0	1	0	0	0	0	1	0	0	0	75.000000	100.000000	14.000000	24.168791
Tree 118	45	0	0	0	0	1	0	1	0	0	0	73.023811	100.000000	22.000000	27.399590
Tree 119	56	0	0	0	0	0	0	0	0	0	0	77.169815	100.000000	22.000000	21.209408
Tree 120	44	0	0	0	0	0	0	0	0	0	0	63.634148	100.000000	13.000000	28.334032
Tree 121	48	1	1	0	0	1	1	1	1	0	1	81.177780	100.000000	30.000000	20.468174
Tree 122	52	0	0	1	0	0	1	1	0	0	0	74.959183	100.000000	30.000000	23.805300
Tree 123	53	0	0	0	0	0	0	1	0	0	0	78.440002	100.000000	36.000000	21.232199
Tree 124	47	0	0	0	0	0	0	1	0	0	0	75.522728	100.000000	12.000000	23.250111
Tree 125	51	0	1	0	0	1	0	1	0	0	1	82.562500	100.000000	43.000000	19.324968
Tree 126	54	0	0	0	0	0	0	0	0	0	0	74.803925	100.000000	12.000000	23.428673
Tree 127	48	0	0	0	0	0	0	0	0	0	0	70.355553	100.000000	14.000000	24.507738
Tree 128	49	1	0	0	0	1	0	0	0	0	0	80.478264	100.000000	25.000000	21.060720
Tree 129	47	1	0	1	0	0	0	1	0	0	0	85.159088	100.000000	44.000000	15.387336
Tree 130	51	0	0	0	0	0	0	0	0	0	0	74.354164	100.000000	13.000000	25.485693
Tree 131	45	0	1	0	0	1	0	1	0	0	0	79.595238	100.000000	34.000000	21.230101
Tree 132	49	0	0	0	0	0	1	1	0	0	0	75.934784	100.000000	23.000000	22.925591
Tree 133	49	0	0	1	0	1	1	0	0	0	0	80.695656	100.000000	30.000000	21.142241
Tree 134	50	0	0	0	0	0	0	0	0	0	0	70.191490	100.000000	16.000000	25.133379
Tree 135	52	0	1	0	0	0	1	1	0	0	0	72.979591	100.000000	11.000000	28.915422
Tree 136	53	0	0	0	0	0	0	0	0	0	0	77.459999	100.000000	26.000000	22.684097
Tree 137	53	0	0	0	0	0	0	0	0	0	0	61.020000	100.000000	20.000000	25.045149
Tree 138	50	0	0	0	0	0	0	0	0	0	0	74.702126	100.000000	18.000000	25.308241
Tree 139	43	0	1	0	0	1	0	1	0	0	0	86.400002	100.000000	34.000000	17.992777
Tree 140	43	0	0	0	0	1	0	0	0	0	1	77.474998	100.000000	35.000000	22.655008
Tree 141	52	0	1	0	0	0	0	0	0	0	1	69.816330	100.000000	12.000000	27.712572
Tree 142	51	0	0	1	0	1	0	0	0	0	0	74.104164	100.000000	18.000000	24.364628
Tree 143	54	0	0	0	0	0	0	0	0	0	0	65.607841	100.000000	3.000000	28.802286
Tree 144	45	0	0	0	0	0	0	1	0	0	0	64.476189	100.000000	21.000000	27.934650
Tree 145	49	0	0	0	0	0	0	1	0	0	1	79.086960	100.000000	32.000000	21.917658
Tree 146	53	0	0	0	0	0	0	1	0	0	0	74.739998	100.000000	24.000000	23.850204
Tree 147	50	0	0	0	0	0	0	0	0	0	0	75.191490	100.000000	18.000000	23.025091
Tree 148	50	0	0	0	0	0	0	1	0	0	0	73.042557	100.000000	15.000000	28.072819
Tree 149	51	0	0	0	0	0	0	0	0	0	0	65.083336	100.000000	21.000000	25.016523
Tree 150	52	0	1	0	0	0	0	0	0	0	0	71.469391	100.000000	25.000000	22.774944
Tree 151	50	0	0	0	0	0	0	0	0	0	0	74.744682	100.000000	13.000000	26.991308
Tree 152	55	0	1	0	0	0	1	1	0	0	0	71.346153	100.000000	20.000000	26.016920
Tree 153	44	0	0	0	0	0	0	0	0	0	0	72.463417	100.000000	8.000000	26.842901
Tree 154	52	0	0	0	0	0	0	1	0	0	0	74.897957	100.000000	32.000000	21.016266
Tree 155	54	0	0	0	0	1	0	1	0	0	0	78.215683	100.000000	18.000000	24.688105
Tree 156	51	0	0	0	0	0	0	0	0	0	0	73.541664	100.000000	33.000000	23.326450
Tree 157	53	0	0	0	0	0	0	0	0	0	0	65.820000	100.000000	21.000000	23.552233
Tree 158	49	0	0	0	0	0	0	0	0	0	0	73.043480	100.000000	29.000000	21.743521
Tree 159	49	0	0	0	0	0	0	1	0	0	0	72.239128	100.000000	14.000000	25.654209
Tree 160	53	0	1	0	0	0	0	0	0	0	0	79.779999	100.000000	28.000000	21.227612
Tree 161	48	0	0	1	1	0	1	1	1	0	1	83.955559	100.000000	25.000000	21.263382
Tree 162	47	0	0	1	1	0	0	1	0	0	0	80.068184	100.000000	16.000000	24.085453
Tree 163	51	0	0	0	0	0	0	0	0	0	0	74.583336	100.000000	18.000000	24.137482
Tree 164	54	1	0	1	0	0	1	1	1	0	1	85.705879	100.000000	34.000000	20.148756
Tree 165	47	0	0	0	0	0	0	1	0	0	0	68.340912	100.000000	13.000000	27.191198
Tree 166	53	0	0	0	0	0	0	0	0	0	0	66.680000	100.000000	4.000000	27.913036
Tree 167	44	0	0	0	0	0	0	1	0	0	0	69.658539	100.000000	17.000000	27.777519
Tree 168	54	0	0	0	0	0	0	0	0	0	0	62.156864	100.000000	3.000000	30.779013
Tree 169	49	0	0	1	0	0	1	0	0	0	0	78.717392	100.000000	23.000000	24.381624
Tree 170	53	0	0	0	0	0	0	0	0	0	0	76.540001	100.000000	22.000000	22.175852
Tree 171	44	1	0	0	0	1	0	0	0	0	0	74.268295	100.000000	22.000000	24.178225
Tree 172	46	0	1	0	0	1	1	0	1	0	0	76.209305	100.000000	24.000000	25.536623
Tree 173	45	0	0	0	0	0	0	0	0	0	0	72.595238	100.000000	12.000000	26.503422
Tree 174	54	0	0	0	0	0	0	0	0	0	0	68.274513	100.000000	6.000000	29.295038
Tree 175	46	1	0	0	0	0	0	1	0	0	0	71.511627	100.000000	23.000000	25.580128
Tree 176	48	0	0	0	0	0	0	0	0	0	0	77.622223	100.000000	27.000000	22.170341
Tree 177	55	1	1	1	0	1	0	1	1	0	1	87.653847	100.000000	40.000000	15.819760
Tree 178	45	0	0	0	0	0	0	0	0	0	0	63.761906	100.000000	10.000000	29.469767
Tree 179	52	0	0	0	0	0	1	0	0	0	1	81.244896	100.000000	31.000000	20.202578
Tree 180	47	0	0	0	0	0	0	0	0	0	0	58.340908	100.000000	2.000000	32.430305
Tree 181	48	0	0	0	0	0	0	0	0	0	0	78.844444	100.000000	10.000000	25.382368
Tree 182	49	0	0	1	0	0	0	1	0	0	0	72.782608	100.000000	36.000000	22.367401
Tree 183	45	0	0	0	0	0	0	1	0	0	0	73.071426	100.000000	20.000000	23.883043
Tree 184	51	0	0	0	0	1	1	1	1	0	0	83.375000	100.000000	10.000000	25.212122
Tree 185	48	0	0	0	0	0	1	0	0	0	0	79.688889	100.000000	10.000000	23.301714
Tree 186	52	0	0	0	1	0	0	1	0	0	0	80.448982	100.000000	34.000000	22.176529
Tree 187	51	0	0	0	0	0	0	0	0	0	0	74.854164	100.000000	39.000000	18.498861
Tree 188	49	0	0	0	0	0	0	0	0	0	0	73.456520	100.000000	13.000000	26.187208
Tree 189	51	1	0	1	0	0	0	1	0	0	0	77.833336	100.000000	16.000000	23.001209
Tree 190	51	1	0	0	0	0	1	0	0	0	0	80.020836	100.000000	43.000000	19.847851
Tree 191	53	0	0	0	0	0	0	0	0	0	0	73.820000	100.000000	21.000000	24.678484
Tree 192	49	0	0	1	0	1	1	1	0	0	0	74.826088	100.000000	20.000000	26.161127
Tree 193	49	0	1	1	1	0	0	1	0	0	0	79.717392	100.000000	10.000000	23.577497
Tree 194	53	0	0	0	0	0	0	0	0	0	0	70.440002	100.000000	23.000000	24.624506
Tree 195	47	0	1	0	0	0	0	0	0	0	0	66.977272	100.000000	19.000000	26.490555
Tree 196	48	1	0	0	0	0	0	0	0	0	0	69.800003	100.000000	25.000000	25.378557
Tree 197	47	0	1	0	0	0	0	0	0	0	0	72.136360	100.000000	24.000000	25.990025
Tree 198	45	0	1	0	0	0	1	0	0	0	0	75.428574	100.000000	23.000000	24.643307
Tree 199	50	0	0	0	1	0	0	0	0	0	0	68.148933	100.000000	24.000000	24.127304
Tree 200	56	0	0	0	0	0	1	0	0	0	0	77.584908	100.000000	30.000000	22.493130
Tree 201	56	0	1	0	0	0	1	0	0	0	0	74.207550	100.000000	6.000000	28.172888
Tree 202	52	0	0	0	0	0	0	0	0	0	0	75.979591	100.000000	21.000000	22.803947
Tree 203	48	0	0	1	0	0	0	1	1	0	0	75.333336	100.000000	20.000000	25.882639
Tree 204	51	0	0	0	0	1	0	1	0	0	0	74.729164	100.000000	12.000000	26.212069
Tree 205	54	0	0	0	0	0	0	1	0	0	0	74.196075	100.000000	9.000000	28.415699
Tree 206	49	0	0	0	0	0	1	1	0	0	0	75.217392	100.000000	30.000000	24.171410
Tree 207	53	0	0	0	0	1	0	0	0	0	0	84.019997	100.000000	32.000000	21.032824
Tree 208	46	0	0	0	0	0	0	0	0	0	0	63.930233	100.000000	6.000000	30.486286
Tree 209	43	0	1	0	1	0	0	1	0	0	1	74.900002	100.000000	17.000000	26.120682
Tree 210	51	0	0	0	0	0	1	0	0	0	0	76.229164	100.000000	31.000000	24.079071
Tree 211	45	0	0	1	0	0	0	0	0	0	0	76.119049	100.000000	29.000000	23.989286
Tree 212	54	0	0	0	0	0	0	0	0	0	0	74.098038	100.000000	23.000000	23.304680
Tree 213	50	0	0	1	0	0	0	0	0	0	0	76.851067	100.000000	15.000000	24.206539
Tree 214	52	0	0	1	0	0	0	1	0	0	0	71.755104	100.000000	18.000000	27.375341
Tree 215	47	0	0	0	0	0	0	0	0	0	0	68.477272	100.000000	18.000000	26.371029
Tree 216	45	0	0	0	0	0	0	0	0	0	0	69.761902	100.000000	17.000000	25.966839
Tree 217	43	1	0	0	0	1	0	0	0	0	0	74.625000	100.000000	26.000000	21.183352
Tree 218	45	0	0	0	0	0	1	0	0	0	0	69.261902	100.000000	24.000000	23.080666
Tree 219	51	0	0	0	0	0	0	1	0	0	0	73.541664	100.000000	20.000000	25.739849
Tree 220	47	0	0	0	1	0	0	0	0	0	0	72.318184	100.000000	8.000000	29.677641
Tree 221	46	0	1	0	0	0	0	1	0	0	0	74.000000	100.000000	4.000000	32.214397
Tree 222	46	0	1	0	0	0	0	0	0	0	0	71.395348	100.000000	39.000000	22.018112
Tree 223	56	0	1	0	0	0	1	0	0	0	1	81.603775	100.000000	32.000000	20.005980
Tree 224	53	0	0	0	0	0	0	1	0	0	0	76.500000	100.000000	18.000000	24.303293
Tree 225	46	0	0	0	0	0	0	1	0	0	0	72.162788	100.000000	19.000000	28.790283
Tree 226	54	0	0	0	0	0	0	0	0	0	0	67.411766	100.000000	28.000000	23.604731
Tree 227	45	0	0	0	0	0	0	0	0	0	0	59.190475	100.000000	18.000000	24.846420
Tree 228	53	0	0	0	0	0	0	1	0	0	0	80.120003	100.000000	24.000000	24.806160
Tree 229	49	0	0	0	0	0	0	1	0	0	0	80.478264	100.000000	32.000000	22.384716
Tree 230	56	1	0	0	0	0	0	1	0	0	1	85.339622	100.000000	34.000000	18.735439
Tree 231	48	0	0	0	0	0	0	0	0	0	0	79.666664	100.000000	23.000000	20.487392
Tree 232	48	1	0	0	0	0	0	0	0	0	0	74.644447	100.000000	25.000000	22.072763
Tree 233	53	0	0	0	0	0	1	0	0	0	1	78.220001	100.000000	40.000000	19.662439
Tree 234	55	1	1	0	0	1	0	0	1	0	0	83.634613	100.000000	41.000000	15.734613
Tree 235	53	0	0	0	0	0	1	0	0	0	1	79.480003	100.000000	21.000000	21.807558
Tree 236	54	0	0	0	0	0	0	1	0	0	0	74.980392	100.000000	10.000000	27.296839
Tree 237	43	0	0	0	0	0	1	1	1	0	0	78.050003	100.000000	24.000000	23.680107
Tree 238	51	1	1	0	0	0	1	1	1	0	0	85.354164	100.000000	42.000000	19.480215
Tree 239	49	1	1	1	0	0	0	0	1	0	1	87.065216	100.000000	31.000000	18.258293
Tree 240	52	0	1	0	0	0	1	0	0	0	0	72.877548	100.000000	11.000000	25.785322
Tree 241	46	0	0	0	0	0	0	0	0	0	0	72.837212	100.000000	30.000000	22.264719
Tree 242	52	0	0	0	0	0	0	0	0	0	0	71.142860	100.000000	12.000000	30.975300
Tree 243	50	0	0	0	0	0	0	0	0	0	0	69.382980	100.000000	6.000000	28.121737
Tree 244	47	0	1	0	0	0	1	1	1	0	1	77.477272	100.000000	31.000000	18.025852
Tree 245	45	0	0	0	0	1	0	1	0	0	0	65.285713	100.000000	15.000000	28.281986
Tree 246	50	0	1	0	0	0	0	0	0	0	0	69.021278	100.000000	13.000000	24.157719
Tree 247	56	0	1	1	0	0	0	1	0	0	0	81.037735	100.000000	17.000000	23.143492
Tree 248	51	1	1	1	0	1	1	1	1	0	0	84.604164	100.000000	32.000000	17.515160
Tree 249	48	0	0	0	0	0	0	0	0	0	0	64.377777	100.000000	11.000000	30.165684
Tree 250	45	0	1	0	0	0	0	0	0	0	0	71.333336	100.000000	16.000000	25.513458
Tree 251	54	1	1	0	0	1	1	0	1	0	1	79.921570	100.000000	25.000000	22.058605
Tree 252	44	0	0	0	0	0	0	0	0	0	0	66.975609	100.000000	13.000000	28.619022
Tree 253	53	0	0	0	0	0	0	0	0	0	0	73.500000	100.000000	37.000000	21.318771
Tree 254	55	1	0	0	0	0	0	1	0	0	1	77.615387	100.000000	22.000000	24.706081
Tree 255	53	0	0	0	0	0	0	0	0	0	0	62.099998	100.000000	15.000000	27.409668
Tree 256	54	0	0	0	0	1	0	0	0	0	0	75.254906	100.000000	4.000000	27.909409
Tree 257	52	0	0	0	0	0	0	1	0	0	0	76.816330	100.000000	22.000000	25.384932
Tree 258	48	0	1	1	0	1	0	0	1	0	0	73.266670	100.000000	13.000000	25.205292
Tree 259	53	0	0	0	0	0	1	1	0	0	1	82.480003	100.000000	14.000000	24.016863
Tree 260	51	0	0	0	0	0	0	1	0	0	0	74.208336	100.000000	6.000000	28.785091
Tree 261	44	0	0	0	0	0	0	1	0	0	0	64.146339	100.000000	11.000000	28.609703
Tree 262	54	0	0	0	0	0	0	0	0	0	0	78.470589	100.000000	7.000000	23.709311
Tree 263	53	0	0	0	0	0	0	0	0	0	0	70.680000	100.000000	22.000000	26.122360
Tree 264	50	0	1	0	0	0	0	0	0	0	0	79.808510	100.000000	32.000000	23.271423
Tree 265	54	1	1	0	0	0	1	0	0	0	1	82.254906	100.000000	36.000000	20.021404
Tree 266	52	1	0	0	0	0	0	0	0	0	0	73.653061	100.000000	8.000000	28.319281
Tree 267	53	0	0	0	0	0	0	1	0	0	0	73.820000	100.000000	26.000000	22.732964
Tree 268	50	0	0	0	0	0	0	1	0	0	0	67.106384	100.000000	1.000000	32.995960
Tree 269	47	0	0	0	0	0	1	0	1	0	1	84.954544	100.000000	37.000000	18.638859
Tree 270	46	1	1	1	0	0	0	1	1	0	1	82.953491	100.000000	29.000000	17.714733
Tree 271	52	0	0	0	0	0	0	0	0	0	0	71.061226	100.000000	38.000000	22.083708
Tree 272	49	1	1	0	1	?	1	1	0	0	0	75.173912	100.000000	22.000000	24.967197
Tree 273	54	0	1	0	1	0	1	0	1	0	1	80.705879	100.000000	30.000000	20.488441
Tree 274	51	0	0	0	0	0	0	1	0	0	0	64.750000	100.000000	16.000000	27.603970
Tree 275	55	1	1	0	0	0	0	0	1	0	1	77.923080	100.000000	30.000000	21.770523
Tree 276	46	1	?	0	0	0	0	0	0	0	0	75.418602	100.000000	17.000000	28.134426
Tree 277	56	0	0	0	0	1	1	0	0	0	1	80.698112	100.000000	31.000000	19.688696
Tree 278	55	0	0	0	0	0	0	0	0	0	0	69.673080	100.000000	5.000000	27.031122
Tree 279	44	0	1	0	0	0	0	0	1	0	0	80.146339	100.000000	16.000000	24.044230
Tree 280	48	0	0	1	0	1	1	1	0	0	0	76.177780	100.000000	24.000000	25.222818
Tree 281	55	0	0	0	0	0	1	1	0	0	0	79.115387	100.000000	15.000000	25.107199
Tree 282	46	0	0	0	0	0	0	1	0	0	0	65.604652	100.000000	26.000000	26.631107
Tree 283	43	0	0	0	0	0	0	0	0	0	0	70.724998	100.000000	26.000000	25.428320
Tree 284	57	0	0	0	0	0	1	1	0	0	0	76.629631	100.000000	26.000000	24.908943
Tree 285	54	0	0	0	0	0	0	1	0	0	0	72.921570	100.000000	16.000000	25.987061
Tree 286	45	0	0	0	0	0	0	0	0	0	0	70.642860	100.000000	13.000000	24.765396
Tree 287	46	0	0	0	0	0	1	1	0	0	0	76.906975	100.000000	28.000000	24.325136
Tree 288	57	1	0	0	0	0	0	0	0	0	0	78.203705	100.000000	16.000000	25.649616
Tree 289	46	0	0	1	1	0	0	0	0	0	0	82.139534	100.000000	34.000000	20.605465
Tree 290	48	0	0	0	0	0	0	0	0	0	0	76.800003	100.000000	23.000000	26.061125
Tree 291	47	0	1	0	0	0	0	0	0	0	0	72.090912	100.000000	6.000000	27.626421
Tree 292	43	0	1	0	0	1	0	0	0	0	0	71.150002	100.000000	22.000000	23.634245
Tree 293	51	1	0	0	1	0	0	0	0	0	0	72.937500	100.000000	27.000000	22.415031
Tree 294	56	0	0	0	0	0	0	0	0	0	0	74.528305	100.000000	11.000000	27.315489
Tree 295	49	0	0	0	0	0	1	0	0	0	0	69.826088	100.000000	18.000000	25.497059
Tree 296	44	0	0	1	0	?	1	1	0	0	0	84.780487	100.000000	43.000000	16.479866
Tree 297	58	0	0	0	1	0	0	0	0	0	0	80.636360	100.000000	21.000000	25.350895
Tree 298	45	0	0	0	0	0	0	0	0	0	0	61.238094	100.000000	17.000000	29.277662
Tree 299	56	0	0	0	0	0	0	1	0	0	0	76.962265	100.000000	17.000000	26.757444
Tree 300	52	0	1	1	0	0	0	1	0	0	1	81.061226	100.000000	29.000000	20.850691
Tree 301	54	0	0	0	0	0	0	0	0	0	0	72.274513	100.000000	17.000000	24.548536
Tree 302	49	0	0	0	0	0	1	1	0	0	1	79.608696	100.000000	23.000000	22.825880
Tree 303	47	0	0	0	0	1	0	1	0	0	0	81.250000	100.000000	28.000000	25.081799
Tree 304	47	0	1	0	0	0	0	1	0	0	1	70.477272	100.000000	24.000000	24.999537
Tree 305	46	0	0	0	0	0	0	1	0	0	1	82.627907	100.000000	27.000000	20.052284
Tree 306	49	0	0	0	0	0	0	0	0	0	0	70.217392	100.000000	24.000000	23.038637
Tree 307	54	0	0	0	0	0	0	1	0	0	1	87.509804	100.000000	34.000000	18.588816
Tree 308	50	1	1	0	0	0	0	1	0	0	1	71.787231	100.000000	19.000000	26.785147
Tree 309	46	0	0	0	0	0	0	0	0	0	0	67.930229	100.000000	18.000000	24.253885
Tree 310	48	0	0	0	0	0	0	0	0	0	1	73.355553	100.000000	25.000000	24.026979
Tree 311	45	0	1	0	0	0	0	0	0	0	0	65.357140	100.000000	17.000000	24.042444
Tree 312	56	1	1	1	0	0	1	1	0	0	1	80.339622	100.000000	23.000000	23.776430
Tree 313	49	0	0	0	0	0	0	0	0	0	0	67.891304	100.000000	27.000000	23.829311
Tree 314	45	0	0	1	0	1	0	0	1	0	1	80.666664	100.000000	31.000000	22.569118
Tree 315	52	1	0	0	0	0	0	0	0	0	0	75.244896	100.000000	16.000000	24.580172
Tree 316	45	0	0	0	0	0	0	0	0	0	0	72.642860	100.000000	30.000000	23.973024
Tree 317	49	0	0	0	0	0	0	0	0	0	0	72.065216	100.000000	21.000000	23.715158
Tree 318	50	0	1	0	0	0	1	1	0	0	0	84.340424	100.000000	17.000000	21.717995
Tree 319	52	0	0	0	0	0	0	0	0	0	0	63.285713	100.000000	15.000000	25.934771
Tree 320	48	0	0	1	0	0	0	1	0	0	0	70.866669	100.000000	14.000000	28.355366
Tree 321	52	0	0	0	0	0	0	0	0	0	0	66.163269	100.000000	17.000000	29.360773
Tree 322	51	0	0	0	0	0	0	0	0	0	0	72.020836	100.000000	9.000000	26.079597
Tree 323	53	0	0	0	0	0	0	0	0	0	0	78.660004	100.000000	20.000000	23.734034
Tree 324	52	0	1	0	1	0	0	1	0	0	1	78.673470	100.000000	17.000000	22.209934
Tree 325	51	0	0	0	0	0	0	0	0	0	0	71.145836	100.000000	17.000000	28.511684
Tree 326	53	1	0	0	1	1	1	0	1	0	0	88.040001	100.000000	55.000000	15.558869
Tree 327	58	0	0	0	0	0	1	0	0	0	1	77.763634	100.000000	14.000000	28.401001
Tree 328	53	0	0	0	0	0	0	0	0	0	0	74.599998	100.000000	26.000000	23.130066
Tree 329	51	0	1	0	0	0	0	1	0	0	0	82.458336	100.000000	27.000000	20.529408
Tree 330	51	0	0	0	0	0	1	1	0	0	0	74.125000	100.000000	4.000000	30.113413
Tree 331	45	1	1	0	0	0	0	0	0	0	0	78.476189	100.000000	25.000000	22.141577
Tree 332	46	0	1	1	0	1	1	1	1	0	1	91.162788	100.000000	44.000000	12.842390
Tree 333	49	1	0	1	0	0	0	1	0	0	0	82.478264	100.000000	25.000000	21.854000
Tree 334	46	0	1	1	0	0	1	0	0	0	0	80.930229	100.000000	26.000000	23.843870
Tree 335	47	1	0	0	0	0	0	1	0	0	0	73.113640	100.000000	24.000000	27.711351
Tree 336	52	0	0	0	0	0	0	0	0	0	0	75.979591	100.000000	15.000000	24.786839
Tree 337	52	1	0	0	1	0	1	0	0	0	0	73.285713	100.000000	15.000000	24.159332
Tree 338	47	0	0	0	0	0	1	1	1	0	0	85.181816	100.000000	54.000000	14.332532
Tree 339	51	1	1	0	0	0	0	0	0	0	1	78.250000	100.000000	35.000000	20.113739
Tree 340	54	0	0	0	0	0	0	0	0	0	0	72.215683	100.000000	16.000000	27.601730
Tree 341	55	0	0	0	0	0	0	0	0	0	0	72.057693	100.000000	17.000000	28.038036
Tree 342	55	0	0	0	0	1	0	1	0	0	1	80.730766	100.000000	27.000000	23.291723
Tree 343	49	0	0	0	0	?	0	1	0	0	0	70.782608	100.000000	23.000000	27.401932
Tree 344	55	0	0	0	0	0	0	0	0	0	0	76.000000	100.000000	25.000000	23.174919
Tree 345	47	0	0	0	0	0	0	0	0	0	0	72.522728	100.000000	22.000000	23.343765
Tree 346	52	0	0	0	0	1	1	0	0	0	0	77.265305	100.000000	21.000000	24.318279
Tree 347	45	0	1	0	0	1	1	1	0	0	1	83.333336	100.000000	14.000000	18.476067
Tree 348	48	0	0	0	0	0	0	0	1	0	0	71.444443	100.000000	15.000000	28.191057
Tree 349	54	0	0	0	0	0	0	1	0	0	0	80.980392	100.000000	43.000000	18.239677
Tree 350	47	0	0	0	0	0	0	1	0	0	0	67.250000	100.000000	16.000000	26.569057
Tree 351	48	0	0	0	0	0	0	0	0	0	0	63.666668	100.000000	12.000000	24.661261
Tree 352	51	1	1	1	0	0	1	0	0	0	0	78.895836	100.000000	25.000000	25.857979
Tree 353	53	0	0	0	0	0	0	0	0	0	0	69.160004	100.000000	27.000000	23.033333
Tree 354	51	0	0	0	0	0	0	0	0	0	0	67.020836	100.000000	6.000000	31.230654
Tree 355	50	0	0	0	0	0	1	1	0	0	0	71.659576	100.000000	15.000000	24.155767
Tree 356	44	0	0	1	0	0	0	0	0	0	0	68.463417	100.000000	13.000000	27.232599
Tree 357	43	0	1	1	0	0	0	1	0	0	0	77.925003	100.000000	20.000000	24.071131
Tree 358	47	0	0	0	0	?	0	0	0	0	0	71.977272	100.000000	20.000000	24.067604
Tree 359	49	0	1	0	0	0	1	1	0	0	0	80.173912	100.000000	24.000000	22.231298
Tree 360	52	1	1	1	0	1	1	1	1	0	1	89.816330	100.000000	52.000000	13.642181
Tree 361	51	1	0	0	0	0	1	1	0	0	0	79.854164	100.000000	24.000000	21.262239
Tree 362	54	0	0	0	0	0	0	0	0	0	0	67.745094	100.000000	18.000000	26.204208
Tree 363	51	0	0	0	0	0	0	0	0	0	0	72.229164	100.000000	25.000000	23.478928
Tree 364	55	0	0	0	0	0	0	0	0	0	0	75.673080	100.000000	17.000000	26.669428
Tree 365	49	0	0	0	0	0	0	1	0	0	0	81.260872	100.000000	21.000000	22.398012
Tree 366	57	0	0	0	0	0	0	0	0	0	0	67.055557	100.000000	18.000000	25.744053
Tree 367	47	0	0	1	0	0	0	1	0	0	1	85.659088	100.000000	43.000000	16.544626
Tree 368	50	0	0	0	0	1	0	0	1	0	0	70.361702	100.000000	22.000000	20.106552
Tree 369	52	0	0	0	0	0	0	0	0	0	0	75.653061	100.000000	11.000000	26.253513
Tree 370	50	0	0	0	0	0	0	0	0	0	0	78.617020	100.000000	21.000000	24.571695
Tree 371	53	0	0	0	0	0	1	1	0	0	0	80.559998	100.000000	21.000000	21.292402
Tree 372	46	0	0	0	1	0	0	0	0	0	0	76.279068	100.000000	17.000000	25.599167
Tree 373	49	1	0	0	1	0	0	0	1	0	0	83.934784	100.000000	31.000000	18.333153
Tree 374	48	1	0	0	0	1	0	0	0	0	0	70.866669	100.000000	22.000000	23.092667
Tree 375	47	0	0	0	0	0	0	0	0	0	0	72.409088	100.000000	7.000000	26.045692
Tree 376	54	0	0	0	0	0	0	1	0	0	1	73.019608	100.000000	19.000000	26.407433
Tree 377	51	1	1	0	0	0	0	0	0	0	0	84.583336	100.000000	30.000000	19.899574
Tree 378	50	0	1	0	0	1	0	0	0	0	0	75.148933	100.000000	17.000000	24.092005
Tree 379	46	0	0	0	0	0	0	0	0	0	0	62.837208	100.000000	14.000000	28.484127
Tree 380	56	1	0	0	1	0	1	1	0	0	1	77.735847	100.000000	27.000000	26.090664
Tree 381	49	0	1	0	0	0	0	1	0	0	0	68.608696	100.000000	10.000000	29.827387
Tree 382	44	0	0	1	1	0	0	1	1	0	0	79.951218	100.000000	18.000000	24.482897
Tree 383	56	0	1	0	0	0	0	1	0	0	1	79.339622	100.000000	32.000000	19.964066
Tree 384	52	1	1	0	0	0	1	1	0	0	0	76.163269	100.000000	13.000000	26.368151
Tree 385	56	0	1	0	0	0	1	1	0	0	1	85.830185	100.000000	31.000000	18.649431
Tree 386	54	0	0	0	0	0	0	0	0	0	0	75.058823	100.000000	17.000000	26.068096
Tree 387	50	1	0	0	0	0	1	1	0	0	0	78.127663	100.000000	30.000000	24.217646
Tree 388	57	0	0	0	0	0	0	0	0	0	0	73.740738	100.000000	26.000000	26.291241
Tree 389	47	0	0	0	0	0	0	0	0	0	0	72.545456	100.000000	12.000000	26.786575
Tree 390	45	0	0	0	0	0	0	0	0	0	0	53.785713	100.000000	17.000000	23.704065
Tree 391	49	1	0	0	0	0	0	0	0	0	0	69.043480	100.000000	0.000000	25.605669
Tree 392	50	0	0	0	1	0	0	0	0	0	0	64.957443	100.000000	16.000000	26.926979
Tree 393	50	0	0	0	0	0	0	1	0	0	1	71.744682	100.000000	21.000000	24.931795
Tree 394	55	0	1	0	0	0	0	0	0	0	0	83.403847	100.000000	27.000000	21.697447
Tree 395	46	0	0	0	1	0	0	1	1	0	0	81.534882	100.000000	37.000000	18.177866
Tree 396	52	0	0	0	0	0	0	0	0	0	0	69.877548	100.000000	14.000000	27.524855
Tree 397	48	0	0	0	0	0	0	0	0	0	0	67.733330	100.000000	13.000000	28.700293
Tree 398	53	0	0	0	1	0	0	1	0	0	1	78.300003	100.000000	23.000000	24.837269
Tree 399	48	0	0	0	0	0	1	0	0	0	0	73.977776	100.000000	22.000000	26.345980
Tree 400	45	0	0	0	0	0	0	1	0	0	0	71.619049	100.000000	13.000000	27.486750
Tree 401	56	0	1	0	0	0	0	1	0	0	1	81.132072	100.000000	22.000000	22.606592
Tree 402	55	0	0	0	0	0	0	1	0	0	1	83.730766	100.000000	28.000000	19.105087
Tree 403	52	0	1	0	1	1	0	1	1	0	0	78.244896	100.000000	31.000000	22.534809
Tree 404	52	0	0	0	1	0	0	0	0	0	0	69.061226	100.000000	22.000000	25.957111
Tree 405	43	0	0	0	0	0	0	0	0	0	0	55.400002	99.000000	0.000000	31.556932
Tree 406	47	0	0	1	1	0	0	1	0	0	1	77.500000	100.000000	18.000000	25.828543
Tree 407	44	0	0	1	0	?	0	0	0	0	0	78.829269	100.000000	29.000000	21.968828
Tree 408	49	1	0	1	0	0	1	0	0	0	0	77.782608	100.000000	29.000000	22.078825
Tree 409	47	0	0	0	0	0	0	0	0	0	0	66.295456	100.000000	20.000000	27.895567
Tree 410	50	0	0	0	0	0	0	1	0	0	0	72.851067	100.000000	12.000000	22.309216
Tree 411	49	0	1	0	0	0	1	0	0	0	0	59.347828	100.000000	17.000000	31.555483
Tree 412	54	0	1	0	0	0	1	1	0	0	1	82.607841	100.000000	20.000000	24.259281
Tree 413	53	0	0	0	0	0	0	0	0	0	0	78.199997	100.000000	19.000000	19.359753
Tree 414	54	0	0	0	0	0	1	1	0	0	0	77.490196	100.000000	18.000000	20.656263
Tree 415	43	0	0	0	0	1	0	0	0	0	0	66.849998	100.000000	20.000000	28.364193
Tree 416	47	0	0	0	0	0	0	0	0	0	0	64.386360	100.000000	13.000000	27.746593
Tree 417	47	0	0	0	0	0	0	0	0	0	0	64.952377	100.000000	3.000000	32.166943
Tree 418	52	1	0	1	0	0	1	0	0	0	0	83.959183	100.000000	37.000000	19.528065
Tree 419	55	0	1	1	0	0	1	0	0	0	1	81.500000	100.000000	29.000000	21.745468
Tree 420	43	1	0	0	0	?	0	1	1	0	0	72.400002	100.000000	21.000000	29.177732
Tree 421	50	0	0	0	0	0	1	1	0	0	1	68.680855	100.000000	15.000000	23.832848
Tree 422	50	0	0	0	1	0	0	0	1	0	0	84.446808	100.000000	21.000000	21.832836
Tree 423	55	0	0	0	0	0	0	0	0	0	0	73.846153	100.000000	23.000000	23.953791
Tree 424	49	0	0	0	0	0	0	0	0	0	1	76.130432	100.000000	18.000000	26.894003
Tree 425	45	0	0	0	0	0	0	0	0	0	0	73.595238	100.000000	30.000000	23.132187
Tree 426	48	0	0	0	0	0	0	0	0	0	0	75.533333	100.000000	17.000000	27.631382
Tree 427	52	0	0	0	0	0	0	0	0	0	0	70.122452	100.000000	15.000000	24.735031
Tree 428	50	0	0	0	0	0	0	1	0	0	1	69.489365	100.000000	23.000000	24.281042
Tree 429	51	0	0	0	0	0	0	0	0	0	0	77.187500	100.000000	34.000000	21.974091
Tree 430	49	0	0	0	0	0	0	0	0	0	0	69.239128	100.000000	22.000000	24.962740
Tree 431	50	0	0	0	1	0	0	1	0	0	0	79.361702	100.000000	22.000000	24.561190
Tree 432	54	0	0	0	0	0	0	1	0	0	0	76.313728	100.000000	10.000000	23.754042
Tree 433	53	0	0	0	0	0	0	0	0	0	0	77.180000	100.000000	27.000000	21.969696
Tree 434	48	0	0	1	0	0	0	1	0	0	0	76.844444	100.000000	21.000000	22.923985
Tree 435	49	0	1	0	0	0	0	0	0	0	0	50.673912	99.000000	0.000000	35.170425
Tree 436	44	0	1	0	0	0	0	1	0	0	0	68.878052	100.000000	14.000000	25.988920
Tree 437	50	0	0	0	0	0	1	0	0	0	0	76.106384	100.000000	24.000000	22.402731
Tree 438	46	0	0	0	0	0	0	0	0	0	0	66.069771	100.000000	3.000000	28.864077
Tree 439	48	0	0	0	0	0	0	0	0	0	0	69.066666	100.000000	23.000000	24.803583
Tree 440	46	0	0	0	0	0	0	1	0	0	0	69.441864	100.000000	4.000000	26.734091
Tree 441	51	0	0	0	0	0	0	0	0	0	0	65.270836	100.000000	9.000000	26.269230
Tree 442	50	0	1	0	0	0	1	1	0	0	1	86.553192	100.000000	21.000000	20.975983
Tree 443	54	0	0	0	0	0	0	0	0	0	0	72.568626	100.000000	24.000000	26.302357
Tree 444	45	0	1	0	0	0	1	1	0	0	1	75.095238	100.000000	3.000000	26.433031
Tree 445	52	0	0	0	0	0	0	0	0	0	0	71.673470	100.000000	21.000000	26.423853
Tree 446	49	0	0	0	0	0	0	0	0	0	0	71.434784	100.000000	10.000000	27.167477
Tree 447	48	0	0	0	0	0	0	0	0	0	0	67.311111	100.000000	11.000000	27.351881
Tree 448	52	0	0	0	0	0	0	1	0	0	0	75.448982	100.000000	31.000000	22.914268
Tree 449	45	0	0	0	0	1	0	0	0	0	1	77.095238	100.000000	19.000000	27.298014
Tree 450	48	1	0	1	0	0	0	1	0	0	1	73.422226	100.000000	31.000000	22.167532
Tree 451	52	0	1	1	0	0	1	1	1	0	1	90.489799	100.000000	51.000000	12.269295
Tree 452	47	1	0	0	0	0	1	0	0	0	1	83.022728	100.000000	38.000000	20.444479
Tree 453	55	0	0	0	0	0	0	0	0	0	0	64.769234	100.000000	24.000000	26.744240
Tree 454	51	0	1	0	0	0	0	0	0	0	0	79.604164	100.000000	34.000000	21.107603
Tree 455	44	0	?	0	0	0	0	0	0	0	0	62.512196	100.000000	17.000000	27.776217
Tree 456	54	0	0	0	0	0	0	1	0	0	0	76.980392	100.000000	25.000000	23.482567
Tree 457	45	0	0	0	0	0	0	0	0	0	0	57.523811	100.000000	15.000000	25.565264
Tree 458	53	0	0	0	0	0	0	0	0	0	0	70.800003	100.000000	15.000000	26.175564
Tree 459	48	0	0	0	1	0	1	1	0	0	1	84.555557	100.000000	31.000000	22.629929
Tree 460	48	1	0	0	0	0	1	0	0	0	0	78.088890	100.000000	11.000000	26.103916
Tree 461	49	0	0	0	0	0	0	1	0	0	0	65.130432	100.000000	7.000000	29.179808
Tree 462	48	0	0	0	0	0	0	0	0	0	0	68.511108	100.000000	12.000000	28.372620
Tree 463	45	0	1	1	1	1	1	1	0	0	1	83.071426	100.000000	28.000000	20.786203
Tree 464	50	0	0	0	0	0	0	1	0	0	0	70.127663	100.000000	15.000000	27.543093
Tree 465	44	0	0	0	0	0	0	0	0	0	0	66.463417	100.000000	14.000000	25.947504
Tree 466	45	1	0	0	0	1	1	1	1	0	1	83.904762	100.000000	31.000000	22.162613
Tree 467	43	0	1	0	0	0	0	1	0	0	0	73.900002	100.000000	12.000000	27.078403
Tree 468	43	0	0	0	0	0	0	0	0	0	0	71.375000	100.000000	18.000000	27.248566
Tree 469	53	0	0	0	0	0	0	0	0	0	0	62.340000	100.000000	5.000000	30.242098
Tree 470	50	1	1	1	0	0	1	1	1	0	1	82.000000	100.000000	32.000000	21.257290
Tree 471	45	0	0	0	0	0	0	0	0	0	0	71.142860	100.000000	26.000000	25.288404
Tree 472	45	0	0	0	0	1	1	1	0	0	0	80.690475	100.000000	31.000000	21.343548
Tree 473	44	0	0	0	0	0	0	0	0	0	0	66.292686	100.000000	24.000000	23.096027
Tree 474	56	0	0	0	0	0	0	0	0	0	0	76.132072	100.000000	9.000000	23.511568
Tree 475	54	1	0	0	0	0	0	0	0	0	0	71.843140	100.000000	21.000000	24.298288
Tree 476	50	0	1	0	0	0	0	0	0	0	0	78.617020	100.000000	30.000000	20.458109
Tree 477	55	0	0	0	0	0	1	0	0	0	0	78.019234	100.000000	21.000000	21.885622
Tree 478	56	0	0	0	0	0	0	0	0	0	0	74.433960	100.000000	30.000000	23.356554
Tree 479	51	0	0	0	0	0	0	0	0	0	0	68.687500	100.000000	21.000000	26.909693
Tree 480	50	0	0	0	0	0	0	0	0	0	0	66.382980	100.000000	19.000000	26.433016
Tree 481	51	0	0	0	0	0	1	0	0	0	0	75.458336	100.000000	33.000000	19.935268
Tree 482	44	0	0	1	1	0	1	0	0	1	0	82.829269	100.000000	32.000000	19.620674
Tree 483	49	0	0	1	0	0	1	0	0	0	0	79.260872	100.000000	15.000000	26.915676
Tree 484	50	0	0	0	0	0	0	0	0	0	0	76.659576	100.000000	19.000000	23.026604
Tree 485	44	0	0	0	0	1	0	1	0	0	0	66.731705	100.000000	12.000000	30.417440
Tree 486	45	0	1	0	1	1	0	1	0	0	0	71.833336	100.000000	33.000000	25.059847
Tree 487	48	0	1	0	0	1	0	0	0	0	0	76.888885	100.000000	18.000000	24.446970
Tree 488	48	0	0	0	0	0	1	1	0	0	0	78.622223	100.000000	20.000000	23.385931
Tree 489	48	0	0	0	0	0	0	0	0	0	0	75.088890	100.000000	27.000000	24.195337
Tree 490	53	1	1	0	1	0	0	1	1	0	1	86.900002	100.000000	39.000000	17.341570
Tree 491	48	0	0	0	1	0	1	0	0	0	0	74.599998	100.000000	17.000000	22.670979
Tree 492	45	0	0	0	0	0	0	1	1	0	0	75.071426	100.000000	25.000000	24.813005
Tree 493	53	0	0	0	0	0	0	0	0	0	0	71.440002	100.000000	6.000000	26.005507
Tree 494	43	0	0	0	0	0	0	0	0	0	0	53.650002	100.000000	7.000000	26.630388
Tree 495	53	0	0	0	0	0	0	1	0	0	0	70.800003	100.000000	15.000000	28.567818
Tree 496	52	0	0	0	1	0	0	0	0	0	1	76.979591	100.000000	36.000000	24.553558
Tree 497	54	0	0	0	0	0	0	0	0	0	0	71.313728	100.000000	11.000000	24.270123
Tree 498	49	0	1	0	0	0	0	1	0	0	0	72.260872	100.000000	9.000000	24.326077
Tree 499	45	1	1	0	0	?	0	0	1	0	0	68.023811	100.000000	29.000000	26.122868
Tree 500	48	1	0	1	1	1	0	0	0	0	0	82.711113	100.000000	9.000000	26.364643
Tree 501	51	0	0	0	0	0	0	0	0	0	0	78.500000	100.000000	26.000000	20.745481
Tree 502	54	0	0	0	0	0	0	0	0	0	0	73.686272	100.000000	20.000000	25.131411
Tree 503	56	0	0	0	0	0	0	0	0	0	0	82.358490	100.000000	31.000000	18.651817
Tree 504	56	0	0	0	0	1	0	1	0	0	1	84.188683	100.000000	13.000000	21.307329
Tree 505	49	0	0	0	0	0	0	0	0	0	0	73.869568	100.000000	18.000000	27.548855
Tree 506	46	0	1	0	0	0	0	0	0	0	0	64.046509	100.000000	13.000000	28.121790
Tree 507	49	0	0	0	0	0	0	0	0	0	0	65.260872	100.000000	6.000000	29.354233
Tree 508	49	0	0	0	0	1	0	1	0	0	0	76.978264	100.000000	23.000000	25.032578
Tree 509	46	0	0	0	1	0	0	0	0	0	0	67.046509	100.000000	19.000000	26.759871
Tree 510	48	1	1	1	0	1	0	1	0	0	0	75.222221	100.000000	20.000000	26.002468
Tree 511	55	0	1	0	0	0	0	1	0	0	0	72.403847	100.000000	21.000000	26.464241
Tree 512	47	0	1	0	1	0	0	1	0	0	1	78.250000	100.000000	19.000000	24.878910
Tree 513	46	0	0	1	0	0	0	1	0	0	0	69.325584	100.000000	21.000000	25.075439
Tree 514	54	1	0	0	0	0	0	0	0	0	0	79.176468	100.000000	44.000000	17.458864
Tree 515	45	0	0	0	0	0	0	0	0	0	0	62.902439	100.000000	1.000000	28.834095
Tree 516	53	0	0	0	0	0	0	1	0	0	0	61.660000	100.000000	1.000000	34.699635
Tree 517	48	0	0	0	0	0	0	0	0	0	0	70.911110	100.000000	27.000000	22.454716
Tree 518	53	0	0	1	1	0	0	0	0	0	0	70.440002	100.000000	22.000000	24.333647
Tree 519	52	0	0	0	0	0	0	0	0	0	0	70.612244	100.000000	21.000000	25.673632
Tree 520	51	1	1	1	0	1	1	0	0	0	1	87.354164	100.000000	45.000000	14.901747
Tree 521	49	0	0	1	0	1	0	0	1	0	1	82.521736	100.000000	20.000000	23.088432
Tree 522	49	0	0	0	0	0	0	0	0	0	0	74.913040	100.000000	23.000000	24.218952
Tree 523	45	1	0	0	0	1	1	0	0	0	0	71.833336	100.000000	18.000000	25.662571
Tree 524	50	0	0	0	0	0	0	0	0	0	0	69.106384	100.000000	16.000000	27.909603
Tree 525	50	0	1	0	0	0	0	0	0	0	0	72.170212	100.000000	20.000000	24.322584
Tree 526	54	0	0	0	0	0	0	0	0	0	0	75.019608	100.000000	10.000000	27.566309
Tree 527	45	0	?	0	0	1	0	0	0	0	0	72.523811	100.000000	25.000000	24.389927
Tree 528	44	0	1	0	0	1	0	1	0	0	0	74.146339	100.000000	32.000000	21.569584
Tree 529	53	0	0	0	0	0	0	0	0	0	0	70.760002	100.000000	17.000000	24.814157
Tree 530	49	0	0	0	0	0	0	0	0	0	0	60.239132	100.000000	5.000000	32.076797
Tree 531	54	1	1	1	0	1	1	1	0	1	1	82.549019	100.000000	18.000000	20.985815
Tree 532	45	1	1	0	0	?	1	0	0	0	1	75.476189	100.000000	29.000000	22.535938
Tree 533	54	0	0	0	0	0	0	0	0	0	0	76.078430	100.000000	10.000000	23.609442
Tree 534	49	0	0	0	0	0	0	0	0	0	0	78.173912	100.000000	31.000000	19.233467
Tree 535	51	0	0	0	0	0	1	0	0	0	0	83.833336	100.000000	36.000000	19.762480
Tree 536	50	0	0	0	0	0	1	1	0	0	0	71.744682	100.000000	19.000000	26.780802
Tree 537	51	0	0	0	0	0	0	0	0	0	0	76.312500	100.000000	15.000000	22.809134
Tree 538	46	0	0	0	0	0	1	0	0	0	0	69.534882	100.000000	33.000000	23.234245
Tree 539	49	0	0	0	0	0	1	0	0	0	0	71.413040	100.000000	3.000000	28.153751
Tree 540	53	0	0	0	0	0	0	0	0	0	0	80.040001	100.000000	21.000000	23.342634
Tree 541	48	1	0	0	0	1	0	0	0	0	0	76.288887	100.000000	29.000000	22.334448
Tree 542	56	0	0	0	0	0	0	0	0	0	0	73.018867	100.000000	6.000000	25.739985
Tree 543	46	1	1	1	0	0	0	1	0	0	1	83.046509	100.000000	27.000000	20.949501
Tree 544	50	0	0	0	0	0	0	1	0	0	0	74.297874	100.000000	23.000000	23.380219
Tree 545	51	0	0	0	0	0	0	0	0	0	0	66.770836	100.000000	25.000000	21.049782
Tree 546	43	0	1	1	1	0	0	1	0	0	1	84.250000	100.000000	33.000000	18.143524
Tree 547	55	1	0	0	1	0	0	1	0	0	0	79.057693	100.000000	22.000000	22.143251
Tree 548	47	0	0	0	1	0	1	1	0	0	0	76.272728	100.000000	13.000000	25.967079
Tree 549	48	0	0	0	0	1	0	0	0	0	0	76.533333	100.000000	30.000000	22.943991
Tree 550	57	0	0	0	0	0	0	0	0	0	0	69.962959	100.000000	15.000000	25.101250
Tree 551	49	0	0	0	0	0	1	0	0	0	0	86.934784	100.000000	35.000000	17.003073
Tree 552	53	0	0	0	0	0	0	1	0	0	0	81.040001	100.000000	28.000000	21.256489
Tree 553	45	0	1	0	0	0	1	0	0	0	0	68.238098	100.000000	10.000000	27.336363
Tree 554	50	0	0	0	0	0	0	0	0	0	0	63.851063	100.000000	13.000000	26.081688
Tree 555	50	0	0	0	0	0	0	1	0	0	0	75.085106	100.000000	23.000000	24.923571
Tree 556	48	0	0	0	0	0	0	1	0	0	0	70.533333	100.000000	18.000000	26.042358
Tree 557	51	0	0	0	0	0	0	0	0	0	0	70.000000	100.000000	16.000000	27.553736
Tree 558	51	1	0	0	0	0	1	1	1	0	0	81.062500	100.000000	24.000000	22.402945
Tree 559	48	0	0	0	0	1	1	1	0	0	0	78.977776	100.000000	13.000000	25.790169
Tree 560	46	0	0	0	0	0	0	1	0	0	0	70.279068	100.000000	24.000000	26.235361
Tree 561	47	0	0	0	0	0	0	1	1	0	0	73.500000	100.000000	30.000000	22.300121
Tree 562	51	0	0	0	0	1	1	1	0	0	0	84.979164	100.000000	27.000000	19.100054
Tree 563	48	0	0	0	0	0	0	0	0	0	0	63.555557	100.000000	15.000000	29.893559
Tree 564	50	0	0	0	0	0	1	0	0	0	0	71.106384	100.000000	22.000000	26.416656
Tree 565	46	0	0	0	0	0	0	1	0	0	0	71.883720	100.000000	13.000000	27.707115
Tree 566	50	0	0	0	0	0	0	0	0	0	0	71.978722	100.000000	2.000000	27.436184
Tree 567	47	0	0	1	0	0	0	1	0	0	1	73.795456	100.000000	11.000000	26.776499
Tree 568	49	0	0	0	0	0	0	0	0	0	0	74.326088	100.000000	21.000000	24.879759
Tree 569	46	0	0	0	1	0	1	1	0	0	0	82.953491	100.000000	18.000000	21.487640
Tree 570	49	0	0	0	0	0	0	0	0	0	0	64.391304	100.000000	10.000000	24.707399
Tree 571	56	0	0	0	0	0	0	1	1	0	1	78.698112	100.000000	42.000000	18.346338
Tree 572	55	1	1	1	1	1	1	0	1	0	1	88.903847	100.000000	28.000000	16.529995
Tree 573	46	0	0	0	0	0	1	0	0	0	0	72.511627	100.000000	24.000000	27.405119
Tree 574	55	0	0	1	0	1	0	1	0	0	1	83.384613	100.000000	32.000000	21.107010
Tree 575	54	0	0	0	1	0	0	0	0	0	0	74.686272	100.000000	28.000000	24.771498
Tree 576	51	1	0	0	0	0	1	1	0	0	0	81.333336	100.000000	30.000000	21.860670
Tree 577	57	0	0	0	0	0	0	0	0	0	0	72.074074	100.000000	16.000000	25.959980
Tree 578	53	0	1	0	0	0	0	1	0	0	0	68.160004	100.000000	10.000000	27.562557
Tree 579	46	0	0	0	0	0	0	0	0	0	0	61.093021	100.000000	11.000000	34.274418
Tree 580	52	0	0	0	0	0	0	0	0	0	0	68.244896	100.000000	5.000000	30.140848
Tree 581	53	1	0	0	0	1	0	1	1	0	1	80.320000	100.000000	18.000000	24.309210
Tree 582	49	0	0	0	0	0	0	0	0	0	0	65.434784	100.000000	27.000000	23.211367
Tree 583	52	0	0	0	0	0	0	0	0	0	0	74.102043	100.000000	24.000000	24.391573
Tree 584	44	0	1	0	0	0	0	0	0	0	0	72.073174	100.000000	34.000000	17.198112
Tree 585	47	0	0	1	1	0	1	0	1	0	1	74.227272	100.000000	22.000000	23.470352
Tree 586	53	0	0	1	0	0	0	0	0	0	0	72.419998	100.000000	19.000000	24.819422
Tree 587	52	0	0	1	1	0	1	0	0	0	0	76.938774	100.000000	10.000000	26.143564
Tree 588	49	0	0	0	0	0	0	0	0	0	0	74.826088	100.000000	5.000000	24.777536
Tree 589	46	0	0	0	0	0	0	1	0	0	1	73.744186	100.000000	12.000000	23.319912
Tree 590	55	0	0	0	0	0	0	1	0	0	0	71.269234	100.000000	21.000000	25.644848
Tree 591	45	0	0	0	0	0	0	0	0	0	0	66.285713	100.000000	14.000000	29.080578
Tree 592	50	0	0	0	0	0	0	1	0	0	0	72.510635	100.000000	19.000000	24.440874
Tree 593	48	0	0	0	0	0	0	0	0	0	0	73.800003	100.000000	19.000000	22.979799
Tree 594	54	0	0	0	0	0	0	0	0	0	0	70.686272	100.000000	11.000000	24.480076
Tree 595	47	0	0	1	0	0	0	0	0	0	1	74.681816	100.000000	28.000000	23.834442
Tree 596	51	0	0	0	0	0	0	0	0	0	0	71.583336	100.000000	11.000000	25.829433
Tree 597	48	0	0	0	0	0	0	0	0	0	0	70.155556	100.000000	10.000000	27.689514
Tree 598	56	0	0	0	0	0	1	0	0	0	0	81.547173	100.000000	32.000000	19.020910
Tree 599	50	0	0	0	0	0	0	0	0	0	0	66.063828	100.000000	0.000000	28.032963
Tree 600	51	0	0	0	0	0	1	1	0	0	0	74.125000	100.000000	4.000000	29.379433
Tree 601	44	0	0	0	0	0	1	0	0	0	0	72.536583	100.000000	30.000000	23.070517
Tree 602	55	1	1	0	0	0	0	0	0	0	0	80.269234	100.000000	37.000000	19.825310
Tree 603	53	0	0	0	0	0	0	0	0	0	0	60.040001	100.000000	26.000000	25.626516
Tree 604	51	0	0	0	0	0	0	0	0	0	0	75.562500	100.000000	16.000000	23.820427
Tree 605	53	0	0	0	0	0	0	0	0	0	1	81.559998	100.000000	35.000000	19.312336
Tree 606	54	0	0	0	0	1	0	0	0	0	0	83.156860	100.000000	21.000000	20.850895
Tree 607	48	0	1	0	0	0	0	1	0	0	0	76.177780	100.000000	18.000000	26.515646
Tree 608	45	0	0	0	0	0	0	0	0	0	0	65.142860	100.000000	18.000000	29.265265
Tree 609	53	0	0	0	0	0	0	0	0	0	0	73.660004	100.000000	31.000000	23.542820
Tree 610	44	1	?	0	0	0	0	0	0	0	0	75.365852	100.000000	28.000000	20.960772
Tree 611	54	0	1	0	0	1	0	1	1	0	0	77.862747	100.000000	32.000000	19.989233
Tree 612	47	0	0	1	0	0	0	0	0	0	0	70.022728	100.000000	27.000000	23.835125
Tree 613	49	0	0	0	0	0	0	0	0	0	0	64.826088	100.000000	25.000000	25.873693
Tree 614	52	0	0	0	0	0	0	0	0	0	0	74.081635	100.000000	18.000000	23.406643
Tree 615	43	0	0	0	0	0	1	0	0	0	0	69.525002	100.000000	13.000000	28.786268
Tree 616	54	0	0	0	0	0	0	0	0	0	0	75.568626	100.000000	14.000000	26.525793
Tree 617	54	0	0	1	0	0	0	0	0	0	0	66.882355	100.000000	7.000000	32.559235
Tree 618	49	0	1	0	0	0	0	0	0	0	0	62.130436	100.000000	8.000000	31.362961
Tree 619	43	0	0	0	0	0	0	0	0	0	0	68.750000	100.000000	21.000000	24.888502
Tree 620	52	0	0	0	0	0	0	1	0	0	0	69.836731	100.000000	7.000000	29.863190
Tree 621	47	0	0	0	0	0	1	0	0	0	0	72.954544	100.000000	8.000000	29.108696
Tree 622	48	1	1	0	1	1	1	0	0	0	1	86.933334	100.000000	34.000000	19.801683
Tree 623	53	1	1	1	0	1	0	0	1	1	1	80.839996	100.000000	32.000000	20.897236
Tree 624	53	0	1	0	0	0	0	0	0	0	0	67.599998	100.000000	23.000000	26.552591
Tree 625	49	0	1	0	0	0	0	1	0	0	0	71.108696	100.000000	13.000000	28.224432
Tree 626	55	0	0	0	0	0	0	0	0	0	0	75.250000	100.000000	14.000000	27.328398
Tree 627	50	0	0	0	0	0	0	0	0	0	0	67.808510	100.000000	18.000000	26.793648
Tree 628	46	1	0	0	0	1	0	1	1	0	0	79.255814	100.000000	20.000000	20.718596
Tree 629	46	0	0	0	0	0	0	1	0	0	0	69.395348	100.000000	22.000000	23.684103
Tree 630	56	0	0	0	0	0	0	1	0	0	1	78.377357	100.000000	21.000000	25.183275
Tree 631	53	0	0	0	0	0	0	0	0	0	0	72.139999	100.000000	18.000000	22.871826
Tree 632	48	0	0	0	0	0	0	0	0	0	0	68.866669	100.000000	15.000000	24.443678
Tree 633	51	1	0	1	0	1	1	0	0	0	0	80.041664	100.000000	28.000000	21.102884
Tree 634	54	0	0	0	0	0	0	0	0	0	0	69.607841	100.000000	23.000000	22.199697
Tree 635	51	0	1	0	0	0	0	1	0	0	0	77.145836	100.000000	16.000000	25.246279
Tree 636	53	0	0	0	0	0	0	0	0	0	0	68.760002	100.000000	17.000000	25.175829
Tree 637	50	0	0	0	1	0	0	0	0	0	0	73.936172	100.000000	0.000000	26.924168
Tree 638	49	0	0	0	0	0	0	0	0	0	0	75.500000	100.000000	23.000000	24.091988
Tree 639	45	0	0	0	0	0	0	0	0	0	0	79.761902	100.000000	20.000000	21.726448
Tree 640	53	0	0	0	0	0	0	1	0	0	1	74.339996	100.000000	24.000000	24.015501
Tree 641	49	0	0	0	0	0	1	0	0	0	0	69.391304	100.000000	10.000000	26.462015
Tree 642	51	1	0	0	1	0	0	0	0	0	0	81.375000	100.000000	15.000000	22.994225
Tree 643	52	1	0	0	1	0	0	1	1	0	0	79.244896	100.000000	18.000000	22.340160
Tree 644	45	0	0	0	0	0	0	0	0	0	0	63.904762	100.000000	0.000000	27.131786
Tree 645	50	0	0	0	0	0	1	0	0	0	0	79.936172	100.000000	23.000000	19.220339
Tree 646	54	0	0	0	0	0	0	0	0	0	0	64.352943	100.000000	13.000000	27.736027
Tree 647	55	0	1	1	0	0	1	1	0	0	1	84.173080	100.000000	37.000000	19.535690
Tree 648	52	0	0	0	0	0	0	0	0	0	0	71.673470	100.000000	14.000000	23.681034
Tree 649	46	0	1	0	0	0	1	1	0	0	0	81.162788	100.000000	15.000000	24.635887
Tree 650	54	0	0	0	0	1	0	0	0	0	0	61.450981	100.000000	0.000000	29.121996
Tree 651	47	0	0	1	1	0	1	0	0	0	1	78.977272	100.000000	29.000000	22.647987
Tree 652	44	1	0	0	0	1	0	0	0	0	0	67.975609	100.000000	3.000000	29.514351
Tree 653	55	0	0	0	0	0	0	0	0	0	0	70.461540	100.000000	11.000000	26.394541
Tree 654	48	0	0	0	0	0	1	1	0	0	0	80.511108	100.000000	35.000000	18.896942
Tree 655	53	0	0	0	0	0	0	1	0	0	1	68.739998	100.000000	23.000000	23.007660
Tree 656	50	0	0	1	0	1	0	1	0	0	0	79.808510	100.000000	23.000000	24.256287
Tree 657	50	0	0	0	0	0	0	0	0	0	0	69.468086	100.000000	9.000000	26.816835
Tree 658	54	1	0	1	0	0	0	0	0	0	0	77.137253	100.000000	25.000000	24.026960
Tree 659	51	0	1	0	0	0	0	1	0	0	1	68.770836	100.000000	14.000000	28.964949
Tree 660	44	0	0	0	0	0	0	0	0	0	0	61.195122	100.000000	11.000000	29.739702
Tree 661	50	0	0	0	0	0	0	1	0	0	0	78.659576	100.000000	29.000000	22.959055
Tree 662	46	1	1	0	1	1	1	0	1	0	1	83.906975	100.000000	18.000000	22.245790
Tree 663	53	0	0	0	0	0	1	1	1	0	1	84.000000	100.000000	28.000000	21.304461
Tree 664	54	0	0	0	0	1	1	1	0	0	0	79.176468	100.000000	14.000000	24.834120
Tree 665	45	0	0	0	0	0	0	0	0	0	0	65.071426	100.000000	11.000000	29.124033
Tree 666	51	0	0	0	0	0	0	0	0	0	0	68.958336	100.000000	20.000000	23.695951
Tree 667	54	0	0	0	0	0	0	1	0	0	0	68.784317	100.000000	17.000000	24.083443
Tree 668	47	1	0	0	0	0	1	0	1	0	1	80.000000	100.000000	35.000000	18.411953
Tree 669	55	0	0	0	0	0	0	0	0	0	0	78.519234	100.000000	32.000000	21.917231
Tree 670	46	0	0	0	0	?	0	1	0	0	0	69.813957	100.000000	21.000000	23.826170
Tree 671	47	1	0	1	0	0	1	1	0	0	1	85.704544	100.000000	37.000000	16.661848
Tree 672	51	0	0	0	0	0	0	0	0	0	0	70.375000	100.000000	23.000000	23.303812
Tree 673	45	0	0	0	0	0	0	0	1	0	0	72.595238	100.000000	16.000000	26.248863
Tree 674	56	1	0	0	1	0	1	0	1	0	0	86.509438	100.000000	47.000000	15.767918
Tree 675	54	0	0	0	0	0	0	0	0	0	1	78.764709	100.000000	21.000000	25.320370
Tree 676	57	0	0	0	0	0	0	1	0	0	1	82.203705	100.000000	40.000000	18.496624
Tree 677	50	0	0	0	0	0	0	0	0	0	0	63.255318	100.000000	13.000000	27.310249
Tree 678	52	0	0	1	0	0	0	0	0	0	0	73.040817	100.000000	26.000000	22.477161
Tree 679	44	1	0	1	0	0	0	1	0	0	0	75.317070	100.000000	32.000000	24.242109
Tree 680	48	0	1	0	1	0	0	0	0	0	0	65.377777	100.000000	10.000000	26.427504
Tree 681	48	1	0	0	0	0	0	0	1	0	1	73.800003	100.000000	18.000000	22.808966
Tree 682	52	0	0	0	0	0	0	0	0	0	0	68.122452	100.000000	21.000000	25.455547
Tree 683	49	0	0	0	0	0	0	0	0	0	0	66.108696	99.000000	28.000000	21.112770
Tree 684	51	0	0	0	0	0	0	0	0	0	0	66.812500	99.000000	13.000000	27.671928
Tree 685	50	0	1	0	0	0	0	1	0	0	0	63.702129	100.000000	26.000000	23.166296
Tree 686	51	1	0	0	0	0	1	0	0	0	0	72.833336	100.000000	14.000000	25.139883
Tree 687	51	0	0	0	0	0	1	1	0	0	0	81.583336	100.000000	38.000000	20.782438
Tree 688	48	0	0	0	0	0	0	1	0	0	1	73.911110	100.000000	26.000000	23.041819
Tree 689	48	0	0	0	0	0	0	1	0	0	0	63.911110	100.000000	10.000000	31.638105
Tree 690	54	0	1	0	0	0	1	0	0	0	0	82.843140	100.000000	28.000000	18.507414
Tree 691	46	0	0	1	0	0	0	0	0	0	0	63.488373	100.000000	11.000000	27.326086
Tree 692	50	0	0	0	0	0	1	0	0	0	0	70.553192	100.000000	13.000000	27.711897
Tree 693	48	0	1	0	0	0	0	0	0	0	0	66.000000	100.000000	19.000000	28.878288
Tree 694	50	0	0	0	0	0	0	0	0	0	0	69.021278	100.000000	20.000000	27.233028
Tree 695	45	0	1	0	0	0	1	1	0	0	0	78.380951	100.000000	14.000000	24.194599
Tree 696	44	1	0	0	0	1	0	0	0	0	0	66.073174	100.000000	15.000000	27.055851
Tree 697	50	0	1	1	0	0	0	0	0	0	0	65.255318	100.000000	7.000000	27.392706
Tree 698	46	0	0	0	0	0	0	1	0	0	0	80.348839	100.000000	23.000000	23.841417
Tree 699	46	0	0	1	0	1	0	0	0	0	0	78.209305	100.000000	32.000000	20.688786
Tree 700	46	1	1	1	0	0	0	1	0	0	1	81.186043	100.000000	23.000000	23.135851
Tree 701	53	0	0	0	0	0	1	0	0	0	0	81.360001	100.000000	15.000000	25.121115
Tree 702	48	0	1	0	0	0	0	1	0	0	1	76.466667	100.000000	35.000000	19.203703
Tree 703	48	0	0	1	0	0	0	0	0	0	0	67.422226	100.000000	18.000000	24.043003
Tree 704	55	1	0	0	0	0	0	1	0	0	0	80.942307	100.000000	30.000000	20.770184
Tree 705	52	0	0	0	0	0	0	0	0	0	0	71.163269	100.000000	23.000000	23.210085
Tree 706	47	0	0	0	0	1	1	0	0	0	1	80.704544	100.000000	31.000000	21.242729
Tree 707	49	0	0	0	0	0	0	0	0	0	1	67.434784	100.000000	17.000000	24.435944
Tree 708	49	0	0	0	0	0	0	0	0	0	0	63.673912	100.000000	22.000000	25.447350
Tree 709	51	1	0	0	0	0	0	0	0	0	1	77.229164	100.000000	18.000000	25.994581
Tree 710	51	0	0	0	0	0	0	0	0	0	0	62.354168	100.000000	9.000000	32.058208
Tree 711	54	0	1	1	0	0	0	1	0	0	0	81.921570	100.000000	40.000000	19.207684
Tree 712	54	0	0	0	0	0	1	0	0	0	1	83.117645	100.000000	22.000000	21.793726
Tree 713	54	0	0	1	1	0	1	1	0	0	1	80.450981	100.000000	19.000000	25.237162
Tree 714	57	1	0	0	0	0	0	1	0	0	0	76.203705	100.000000	10.000000	24.738918
Tree 715	45	0	0	0	0	0	0	1	1	0	0	71.309525	100.000000	18.000000	25.712221
Tree 716	50	0	0	0	0	0	0	0	0	0	0	61.531914	100.000000	19.000000	24.970493
Tree 717	49	0	0	0	0	0	0	0	0	0	0	73.043480	100.000000	9.000000	25.803570
Tree 718	46	0	0	0	0	1	0	1	0	0	0	72.976746	100.000000	12.000000	26.304556
Tree 719	49	0	0	0	0	0	0	0	0	0	0	64.826088	100.000000	10.000000	25.798807
Tree 720	48	0	0	0	0	0	0	0	1	0	1	78.977776	100.000000	37.000000	21.747530
Tree 721	54	1	1	0	0	1	0	1	1	0	0	83.607841	100.000000	26.000000	21.434877
Tree 722	52	1	0	0	0	0	1	0	0	0	0	78.632652	100.000000	22.000000	23.179596
Tree 723	46	1	1	0	0	0	0	0	0	0	0	60.906979	99.000000	12.000000	25.850029
Tree 724	47	0	0	0	0	0	0	0	0	0	0	66.045456	100.000000	23.000000	25.409334
Tree 725	55	1	0	0	0	0	0	1	0	0	0	79.692307	100.000000	9.000000	25.330536
Tree 726	49	1	0	0	0	1	0	1	0	0	0	78.869568	100.000000	35.000000	20.453135
Tree 727	49	0	0	0	0	0	0	0	0	0	0	62.913044	100.000000	7.000000	28.301807
Tree 728	48	0	0	0	0	0	0	0	0	0	0	78.622223	100.000000	36.000000	20.113335
Tree 729	54	1	0	0	0	0	0	1	0	0	0	77.215683	100.000000	24.000000	23.594877
Tree 730	49	0	0	1	0	0	1	1	0	0	0	84.065216	100.000000	22.000000	23.119162
Tree 731	48	0	0	0	0	0	0	0	0	0	0	71.955559	100.000000	10.000000	25.744864
Tree 732	47	0	0	0	0	0	0	1	1	0	1	78.159088	100.000000	28.000000	19.101336
Tree 733	50	0	0	0	0	0	0	1	0	0	0	78.382980	100.000000	22.000000	24.607172
Tree 734	52	0	1	0	0	1	0	1	0	0	1	87.224487	100.000000	38.000000	17.202593
Tree 735	57	0	0	0	0	0	0	0	0	0	0	85.351852	100.000000	26.000000	16.937967
Tree 736	48	0	0	0	0	0	0	0	0	0	1	75.822220	100.000000	37.000000	23.305019
Tree 737	48	0	0	0	0	0	0	0	0	0	0	67.422226	100.000000	14.000000	25.889069
Tree 738	46	0	0	0	0	0	0	0	0	0	0	59.581394	100.000000	22.000000	23.793913
Tree 739	48	0	0	0	0	0	0	0	0	0	0	64.622223	100.000000	12.000000	28.865429
Tree 740	54	1	1	0	0	0	0	1	0	0	1	77.980392	100.000000	19.000000	26.372515
Tree 741	56	1	0	0	0	0	0	1	0	0	0	83.301888	100.000000	29.000000	21.842997
Tree 742	48	0	0	1	0	0	0	0	1	0	0	77.444443	100.000000	27.000000	23.314808
Tree 743	50	0	0	1	0	1	0	1	0	0	0	79.638298	100.000000	35.000000	20.161503
Tree 744	53	0	0	0	0	0	0	0	0	0	0	67.620003	100.000000	20.000000	25.351048
Tree 745	48	0	0	0	0	0	0	0	0	0	0	63.022221	100.000000	5.000000	30.590113
Tree 746	54	0	1	0	0	0	1	1	0	0	0	79.823532	100.000000	35.000000	19.304279
Tree 747	50	0	0	0	0	1	0	1	0	0	0	81.957443	100.000000	41.000000	20.293547
Tree 748	47	0	0	0	0	0	0	0	0	0	0	73.431816	100.000000	7.000000	28.948540
Tree 749	50	0	0	0	1	0	1	0	0	0	1	78.446808	100.000000	32.000000	19.885637
Tree 750	53	1	1	0	0	0	0	0	0	0	0	82.139999	100.000000	35.000000	19.747417
Tree 751	51	0	0	0	0	0	0	0	0	0	0	74.645836	100.000000	24.000000	22.480072
Tree 752	54	0	0	0	0	0	0	1	0	0	0	73.764709	100.000000	14.000000	24.875053
Tree 753	44	0	0	0	0	0	0	0	1	0	0	67.170731	100.000000	23.000000	25.293306
Tree 754	44	0	1	0	0	0	0	1	0	0	1	78.195122	100.000000	21.000000	24.273060
Tree 755	54	0	0	1	0	0	0	1	0	0	0	75.764709	100.000000	24.000000	25.751900
Tree 756	52	0	0	0	1	0	0	1	0	0	1	72.061226	100.000000	24.000000	23.623241
Tree 757	47	0	0	0	0	0	0	0	0	0	0	73.909088	100.000000	24.000000	26.018190
Tree 758	46	0	0	0	0	0	1	0	0	0	0	71.767441	100.000000	24.000000	24.416763
Tree 759	47	0	1	0	0	0	0	0	0	0	0	61.113636	100.000000	22.000000	26.293118
Tree 760	50	0	1	0	0	0	1	1	0	0	1	79.404259	100.000000	26.000000	22.158672
Tree 761	49	0	0	0	0	0	1	0	0	0	0	77.630432	100.000000	40.000000	19.450447
Tree 762	54	0	0	1	0	0	1	0	0	0	0	86.019608	100.000000	46.000000	17.386597
Tree 763	52	1	0	0	1	0	0	0	1	0	0	79.816330	100.000000	27.000000	21.824602
Tree 764	52	0	0	0	0	0	0	0	0	0	0	63.204082	100.000000	18.000000	26.573719
Tree 765	55	0	1	0	0	0	1	1	0	0	1	83.288460	100.000000	34.000000	18.766108
Tree 766	53	1	1	1	0	0	1	0	0	0	0	80.760002	100.000000	23.000000	21.927666
Tree 767	47	0	0	0	1	0	1	0	0	0	0	75.704544	100.000000	21.000000	24.492653
Tree 768	45	0	0	0	0	0	1	1	0	0	0	70.500000	100.000000	9.000000	25.330437
Tree 769	43	0	0	0	0	0	0	0	0	0	0	73.074997	100.000000	11.000000	28.502094
Tree 770	55	0	0	0	0	1	0	1	0	0	0	81.788460	100.000000	26.000000	21.401237
Tree 771	46	0	0	0	0	?	1	0	0	0	0	76.860466	100.000000	25.000000	21.334089
Tree 772	47	0	0	0	0	0	0	0	0	0	0	74.863640	100.000000	21.000000	24.068644
Tree 773	50	0	0	0	0	0	0	0	0	0	1	85.829788	100.000000	34.000000	18.586565
Tree 774	52	0	1	0	0	1	0	1	0	0	0	78.122452	100.000000	11.000000	27.535980
Tree 775	51	0	0	0	0	0	0	0	0	0	0	67.020836	100.000000	21.000000	25.158243
Tree 776	51	0	0	0	0	1	0	0	0	0	0	74.708336	100.000000	18.000000	25.456629
Tree 777	52	0	0	0	1	0	1	0	0	0	1	81.102043	100.000000	22.000000	25.232182
Tree 778	47	1	0	0	0	0	0	1	1	0	0	74.590912	100.000000	8.000000	28.846233
Tree 779	50	0	0	0	0	0	0	0	0	0	0	75.446808	100.000000	16.000000	27.909283
Tree 780	52	0	0	0	0	0	0	1	0	0	0	74.979591	100.000000	18.000000	24.973038
Tree 781	51	0	0	0	0	0	0	1	0	0	0	80.729164	100.000000	15.000000	22.478453
Tree 782	44	0	0	0	0	0	0	0	0	0	0	65.365852	100.000000	15.000000	29.089230
Tree 783	55	0	0	0	0	0	1	0	0	0	0	80.000000	100.000000	37.000000	19.592974
Tree 784	44	0	0	0	0	0	0	0	0	0	0	56.902439	100.000000	5.000000	30.137735
Tree 785	49	0	1	0	0	0	0	1	0	0	1	85.260872	100.000000	50.000000	15.912033
Tree 786	46	0	0	0	0	1	0	0	0	0	1	72.767441	100.000000	27.000000	21.458275
Tree 787	53	0	0	0	0	0	0	0	0	0	0	63.580002	100.000000	11.000000	27.527508
Tree 788	54	0	0	1	1	0	1	1	0	0	1	86.725487	100.000000	3.000000	22.172300
Tree 789	49	0	0	0	0	0	0	0	0	0	0	60.630436	100.000000	9.000000	26.144548
Tree 790	57	0	0	0	0	0	0	1	0	0	0	75.796295	100.000000	25.000000	26.125322
Tree 791	47	1	0	1	0	1	1	0	1	0	1	83.136360	100.000000	31.000000	22.360266
Tree 792	52	0	0	0	0	0	0	0	1	0	0	63.408165	100.000000	15.000000	26.332193
Tree 793	52	0	0	0	0	0	0	0	0	0	0	68.693878	100.000000	14.000000	29.454365
Tree 794	51	0	0	0	0	0	0	0	0	0	0	69.000000	100.000000	19.000000	27.277128
Tree 795	45	0	1	0	0	0	0	1	0	0	0	81.238098	100.000000	22.000000	23.041176
Tree 796	43	0	0	0	0	?	0	1	0	0	0	74.599998	100.000000	25.000000	20.774744
Tree 797	50	1	0	0	0	0	0	1	1	0	1	85.659576	100.000000	30.000000	20.245596
Tree 798	46	0	0	0	0	0	1	0	0	0	1	76.930229	100.000000	28.000000	22.605200
Tree 799	51	0	0	0	0	0	0	0	0	0	0	71.562500	100.000000	33.000000	23.555702
Tree 800	55	0	0	0	1	0	0	0	0	0	0	73.923080	100.000000	21.000000	24.577856
Tree 801	48	1	0	1	0	0	0	1	0	0	1	85.288887	100.000000	38.000000	19.611359
Tree 802	49	0	0	0	0	0	0	1	0	0	0	75.500000	100.000000	37.000000	19.312927
Tree 803	51	0	1	0	0	0	0	0	0	0	1	66.937500	100.000000	21.000000	24.975327
Tree 804	55	1	0	0	0	0	0	0	0	0	0	75.692307	100.000000	15.000000	24.896355
Tree 805	45	0	0	0	0	0	0	0	0	0	0	74.976189	100.000000	13.000000	29.660372
Tree 806	46	0	0	1	0	0	1	0	0	0	0	79.209305	100.000000	15.000000	23.594006
Tree 807	52	0	0	0	0	1	0	1	1	1	1	81.244896	100.000000	27.000000	22.582756
Tree 808	43	1	0	0	1	0	0	1	0	0	0	71.474998	100.000000	32.000000	23.820150
Tree 809	44	0	0	0	1	0	1	0	0	0	0	79.951218	100.000000	24.000000	23.074587
Tree 810	44	0	1	0	0	0	0	0	0	0	1	69.439026	100.000000	25.000000	23.871655
Tree 811	49	0	1	0	0	0	0	0	0	0	0	69.500000	100.000000	24.000000	25.020643
Tree 812	53	0	0	0	0	0	0	1	0	0	0	84.099998	100.000000	23.000000	20.877977
Tree 813	43	1	0	0	0	1	0	0	1	0	0	77.500000	100.000000	28.000000	25.169426
Tree 814	45	0	0	0	0	0	0	0	0	0	0	62.452381	100.000000	24.000000	24.659781
Tree 815	48	0	0	0	0	0	0	0	0	0	0	64.422226	100.000000	27.000000	24.989321
Tree 816	55	0	0	0	0	1	0	0	0	0	0	76.519234	100.000000	23.000000	23.544144
Tree 817	51	0	0	1	1	0	0	0	0	0	0	73.562500	100.000000	6.000000	28.890532
Tree 818	46	0	0	0	0	0	0	0	0	0	0	65.302322	100.000000	20.000000	25.534779
Tree 819	45	0	0	0	0	1	0	0	0	0	0	67.357140	100.000000	18.000000	24.398304
Tree 820	48	0	0	1	0	0	1	0	0	0	0	81.977776	100.000000	15.000000	23.696686
Tree 821	47	1	1	0	1	0	0	0	0	0	0	73.045456	100.000000	25.000000	22.772545
Tree 822	45	0	0	0	0	1	1	0	0	0	0	78.380951	100.000000	22.000000	24.824095
Tree 823	49	1	0	0	0	0	1	1	0	0	0	77.326088	100.000000	25.000000	24.708784
Tree 824	50	0	1	0	0	0	1	0	0	0	1	75.978722	100.000000	22.000000	25.288538
Tree 825	51	0	1	0	0	0	1	0	0	0	1	81.250000	100.000000	34.000000	20.840166
Tree 826	47	1	0	0	0	1	0	1	1	0	0	86.681816	100.000000	28.000000	19.570122
Tree 827	55	0	0	1	0	0	1	1	0	0	1	87.269234	100.000000	30.000000	18.307327
Tree 828	52	0	0	0	0	0	0	0	0	0	0	70.265305	100.000000	23.000000	20.933105
Tree 829	49	0	0	0	0	0	0	0	0	0	0	76.913040	100.000000	35.000000	19.186527
Tree 830	44	0	0	0	0	0	0	1	0	0	0	63.731709	100.000000	10.000000	26.340199
Tree 831	49	0	1	0	0	0	0	1	0	0	0	81.500000	100.000000	37.000000	19.224928
Tree 832	55	1	1	0	0	0	1	1	0	0	1	79.307693	100.000000	27.000000	22.009209
Tree 833	53	1	0	0	0	0	1	0	0	0	0	81.000000	100.000000	17.000000	23.411108
Tree 834	44	1	0	1	0	0	0	0	0	0	1	78.731705	100.000000	40.000000	18.112150
Tree 835	43	0	1	0	0	0	0	0	0	0	1	69.974998	100.000000	28.000000	23.500519
Tree 836	49	0	0	0	0	0	0	0	0	0	0	79.565216	100.000000	17.000000	23.870712
Tree 837	51	0	0	0	0	0	1	0	0	0	0	84.895836	100.000000	49.000000	15.935076
Tree 838	53	0	0	1	0	0	0	1	0	0	0	72.660004	100.000000	22.000000	26.540243
Tree 839	56	0	0	0	0	0	1	1	1	0	1	81.490562	100.000000	23.000000	22.141590
Tree 840	50	0	0	0	0	0	0	0	0	0	0	59.872341	100.000000	15.000000	26.441921
Tree 841	49	0	1	0	0	0	0	1	0	0	0	74.826088	100.000000	27.000000	22.644037
Tree 842	47	0	0	0	0	1	1	1	0	0	1	88.409088	100.000000	32.000000	17.635603
Tree 843	50	0	0	1	0	0	0	0	0	0	0	73.638298	100.000000	15.000000	28.505634
Tree 844	44	0	0	0	0	0	0	0	0	0	0	73.292686	100.000000	24.000000	25.550758
Tree 845	50	0	0	1	1	0	0	0	0	1	0	70.234039	100.000000	28.000000	25.417545
Tree 846	54	0	1	0	0	1	0	1	0	0	1	85.686272	100.000000	25.000000	18.091801
Tree 847	56	1	0	0	0	0	1	1	0	0	1	83.660378	100.000000	31.000000	20.395102
Tree 848	45	0	0	1	0	0	0	0	0	0	0	73.309525	100.000000	27.000000	22.379293
Tree 849	55	0	1	0	0	0	0	0	0	0	0	76.211540	100.000000	14.000000	25.419052
Tree 850	55	0	0	0	1	0	0	1	0	0	1	79.653847	100.000000	26.000000	23.912409
Tree 851	51	0	0	0	0	0	0	0	0	0	0	60.541668	100.000000	0.000000	29.753119
Tree 852	52	0	0	0	0	0	0	0	0	0	0	72.000000	100.000000	22.000000	21.743402
Tree 853	52	0	0	0	0	0	0	0	0	0	0	69.224487	100.000000	28.000000	26.159063
Tree 854	49	0	0	0	0	0	0	1	0	0	0	71.608696	100.000000	11.000000	26.585775
Tree 855	45	0	0	1	1	0	1	1	1	0	1	87.142860	100.000000	44.000000	16.695553
Tree 856	47	0	1	0	0	0	0	0	0	0	1	75.045456	100.000000	27.000000	27.492933
Tree 857	55	1	1	1	0	0	1	1	0	0	1	87.865387	100.000000	39.000000	17.156551
Tree 858	45	0	0	0	0	0	0	1	0	0	0	67.214287	100.000000	9.000000	28.768814
Tree 859	52	0	0	0	0	0	1	1	0	0	0	81.979591	100.000000	26.000000	21.764500
Tree 860	44	0	0	0	0	0	0	0	0	0	1	70.121948	100.000000	9.000000	26.798428
Tree 861	43	0	0	0	0	0	0	1	0	0	0	70.925003	100.000000	0.000000	24.559507
Tree 862	49	0	1	1	0	0	0	1	1	0	1	83.086960	100.000000	33.000000	17.478962
Tree 863	48	0	0	0	0	1	1	1	0	0	0	80.666664	100.000000	16.000000	24.828300
Tree 864	45	0	?	0	0	0	0	0	0	0	0	72.119049	100.000000	7.000000	25.948853
Tree 865	53	0	0	0	0	0	0	0	0	0	0	75.139999	100.000000	21.000000	25.396069
Tree 866	50	0	0	0	0	0	0	0	0	0	0	57.914894	100.000000	0.000000	30.555029
Tree 867	51	0	1	0	0	0	0	1	0	0	1	73.687500	100.000000	26.000000	24.279755
Tree 868	50	0	0	0	0	1	1	1	0	0	1	82.978722	100.000000	27.000000	22.191133
Tree 869	52	1	0	0	0	0	0	1	0	0	0	80.979591	100.000000	29.000000	23.570553
Tree 870	49	0	0	0	0	0	1	0	0	0	0	69.652176	100.000000	13.000000	25.059248
Tree 871	50	0	0	0	0	0	0	0	0	0	0	52.893616	100.000000	0.000000	31.311228
Tree 872	44	0	0	0	0	0	0	0	0	0	0	69.000000	99.000000	19.000000	22.197561
Tree 873	56	1	0	0	0	1	1	1	1	0	1	83.528305	100.000000	37.000000	18.158218
Tree 874	55	0	0	0	0	0	1	1	0	0	0	82.115387	100.000000	17.000000	20.145294
Tree 875	58	1	0	0	0	0	0	1	0	0	0	75.509094	100.000000	11.000000	25.777283
Tree 876	51	0	0	0	0	0	0	1	0	0	0	75.833336	100.000000	20.000000	27.317827
Tree 877	47	0	1	0	0	1	1	0	0	0	1	81.659088	100.000000	22.000000	23.789743
Tree 878	50	0	0	0	0	1	0	0	0	0	0	65.553192	100.000000	14.000000	25.433104
Tree 879	58	0	0	0	0	0	0	0	0	0	0	72.054543	100.000000	24.000000	26.564106
Tree 880	57	0	0	0	0	0	0	0	0	0	0	72.685188	100.000000	17.000000	26.662373
Tree 881	46	0	?	1	0	0	0	0	0	0	0	70.372093	100.000000	21.000000	25.378092
Tree 882	43	0	0	0	0	0	0	1	0	0	0	69.300003	100.000000	25.000000	25.041168
Tree 883	44	0	0	0	0	0	0	0	0	0	0	59.536587	100.000000	10.000000	27.356806
Tree 884	49	1	1	0	0	0	1	1	0	0	1	84.608696	100.000000	49.000000	16.867100
Tree 885	52	1	0	0	1	1	0	0	1	0	1	78.979591	100.000000	30.000000	22.587234
Tree 886	52	0	1	0	0	0	0	0	0	0	0	82.285713	100.000000	24.000000	20.304823
Tree 887	43	0	0	0	0	0	1	0	0	0	0	61.325001	100.000000	11.000000	27.851738
Tree 888	47	0	0	0	0	0	0	0	0	0	0	59.181820	100.000000	1.000000	32.170193
Tree 889	56	0	0	0	1	0	1	1	0	0	1	83.924530	100.000000	27.000000	19.203821
Tree 890	54	0	0	0	0	0	0	0	0	0	0	74.627449	100.000000	10.000000	26.632545
Tree 891	45	0	0	0	0	0	0	0	0	0	0	77.428574	100.000000	19.000000	23.373919
Tree 892	49	0	0	1	1	1	1	1	0	0	1	83.282608	100.000000	35.000000	22.693289
Tree 893	53	0	0	0	0	0	0	1	0	0	0	66.199997	100.000000	7.000000	29.927916
Tree 894	53	1	1	0	0	0	1	1	1	0	0	81.739998	100.000000	35.000000	19.399803
Tree 895	49	1	1	0	0	0	1	1	0	0	1	81.195656	100.000000	28.000000	21.446213
Tree 896	50	0	0	0	0	0	0	0	0	0	0	71.042557	100.000000	17.000000	27.259165
Tree 897	46	1	0	0	1	1	1	0	1	0	0	83.488373	100.000000	34.000000	17.511951
Tree 898	53	1	0	0	0	0	1	1	0	0	1	80.779999	100.000000	35.000000	20.770449
Tree 899	44	0	0	1	0	0	0	0	0	0	0	66.951218	100.000000	9.000000	31.136953
Tree 900	54	0	0	0	0	0	0	1	0	0	0	71.196075	100.000000	6.000000	27.939726
Tree 901	51	0	1	1	0	0	0	0	0	0	0	82.812500	100.000000	40.000000	17.968325
Tree 902	43	0	?	0	1	0	0	1	0	0	0	68.449997	100.000000	0.000000	26.074842
Tree 903	53	1	0	0	0	1	1	1	1	0	0	82.519997	100.000000	21.000000	21.584476
Tree 904	44	0	0	0	0	0	0	1	0	0	0	70.658539	100.000000	22.000000	26.458996
Tree 905	47	0	0	0	0	0	1	1	0	0	0	81.886360	100.000000	24.000000	21.931934
Tree 906	48	0	0	1	0	0	0	0	0	0	0	62.444443	100.000000	18.000000	29.361015
Tree 907	54	1	0	0	1	0	0	1	0	0	0	80.882355	100.000000	36.000000	19.390364
Tree 908	48	0	0	0	0	0	0	0	0	0	0	70.866669	100.000000	8.000000	26.653831
Tree 909	58	1	0	0	0	0	0	0	0	0	0	69.309090	100.000000	9.000000	30.752901
Tree 910	52	0	0	1	0	0	0	0	0	0	0	68.408165	100.000000	10.000000	30.539314
Tree 911	47	0	0	0	0	0	0	0	0	0	0	72.522728	100.000000	8.000000	26.188553
Tree 912	49	0	0	0	0	0	1	0	0	0	0	77.152176	100.000000	23.000000	24.009027
Tree 913	44	0	0	0	0	0	0	0	0	0	1	65.487808	100.000000	7.000000	31.458933
Tree 914	53	1	0	0	0	1	0	1	0	0	0	79.440002	100.000000	22.000000	23.091261
Tree 915	50	0	0	0	0	0	0	0	0	0	0	68.531914	100.000000	16.000000	26.593750
Tree 916	43	0	1	0	0	0	0	0	0	0	0	69.250000	100.000000	18.000000	28.512936
Tree 917	50	0	?	0	0	0	0	1	0	0	0	79.085106	100.000000	31.000000	22.994753
Tree 918	53	0	0	0	0	0	0	0	0	0	0	66.360001	100.000000	23.000000	21.621988
Tree 919	51	0	0	0	0	0	0	0	0	0	0	69.562500	100.000000	10.000000	29.852350
Tree 920	45	0	0	0	0	0	0	0	0	0	0	61.642857	100.000000	1.000000	29.529503
Tree 921	48	0	0	1	0	0	1	0	0	0	0	70.199997	100.000000	19.000000	26.003931
Tree 922	57	0	0	0	0	0	0	1	0	0	1	75.277779	100.000000	6.000000	28.354513
Tree 923	54	0	0	0	0	0	0	0	0	0	0	77.843140	100.000000	24.000000	23.252552
Tree 924	50	0	1	0	0	1	0	1	0	0	0	84.936172	100.000000	28.000000	19.666801
Tree 925	53	0	0	0	0	0	0	0	0	0	0	78.820000	100.000000	26.000000	19.725811
Tree 926	52	0	0	1	0	0	0	0	0	0	1	80.693878	100.000000	32.000000	22.578844
Tree 927	47	0	0	0	0	0	0	1	0	0	1	73.659088	100.000000	14.000000	25.461149
Tree 928	45	0	0	0	0	0	0	0	0	0	0	50.404762	99.000000	20.000000	20.880680
Tree 929	55	0	0	0	0	0	1	0	0	0	0	78.230766	100.000000	15.000000	24.593323
Tree 930	56	0	0	0	0	0	0	1	0	0	0	76.320755	100.000000	19.000000	24.405207
Tree 931	53	0	0	0	0	0	0	1	0	0	0	60.520000	100.000000	5.000000	27.306589
Tree 932	49	0	0	0	0	0	0	0	0	0	0	52.304348	100.000000	1.000000	30.046246
Tree 933	55	0	0	0	0	0	1	1	0	0	0	74.365387	100.000000	15.000000	28.663853
Tree 934	44	0	0	0	0	0	0	0	0	0	0	67.439026	100.000000	13.000000	27.518549
Tree 935	53	0	0	0	0	0	0	0	0	0	0	68.180000	100.000000	6.000000	26.194418
Tree 936	48	0	?	0	0	0	0	0	0	0	0	62.355556	100.000000	9.000000	29.021187
Tree 937	56	0	0	0	0	0	1	1	0	0	0	80.528305	100.000000	25.000000	23.648048
Tree 938	48	0	0	0	0	0	0	0	0	0	0	62.688889	100.000000	9.000000	25.619282
Tree 939	51	0	0	0	0	0	0	1	0	0	0	74.979164	100.000000	17.000000	22.493048
Tree 940	50	0	0	0	0	0	0	0	0	0	0	74.255318	100.000000	26.000000	24.056202
Tree 941	47	0	0	0	0	0	1	0	0	0	0	76.022728	100.000000	35.000000	21.967421
Tree 942	46	0	0	0	0	1	0	1	0	0	1	80.906975	100.000000	24.000000	22.806377
Tree 943	45	0	1	0	0	0	0	0	0	0	0	70.261902	100.000000	19.000000	23.980209
Tree 944	54	0	0	0	0	0	0	1	0	0	0	73.176468	100.000000	17.000000	23.180202
Tree 945	58	0	0	0	0	0	0	1	0	0	0	81.727272	100.000000	28.000000	21.697470
Tree 946	47	0	0	1	0	0	0	1	0	0	0	69.545456	100.000000	23.000000	23.630157
Tree 947	54	0	0	0	0	0	0	0	0	0	0	67.098038	100.000000	17.000000	23.281109
Tree 948	52	0	1	0	0	1	0	0	0	0	0	78.693878	100.000000	9.000000	27.483728
Tree 949	53	0	0	0	0	0	0	1	0	0	0	77.320000	100.000000	19.000000	26.232376
Tree 950	48	0	1	0	0	0	0	0	0	0	0	68.199997	100.000000	14.000000	27.790167
Tree 951	48	1	1	0	0	0	0	1	1	0	1	81.199997	100.000000	20.000000	24.703215
Tree 952	54	1	0	0	1	0	1	1	0	0	1	75.196075	100.000000	22.000000	25.490498
Tree 953	53	0	0	0	0	0	0	0	0	0	0	69.639999	100.000000	14.000000	25.133055
Tree 954	56	0	0	0	0	0	0	0	0	0	0	73.566040	100.000000	22.000000	23.234253
Tree 955	54	0	0	1	0	1	0	1	0	0	0	81.960785	100.000000	26.000000	21.810200
Tree 956	43	0	0	0	0	0	0	0	0	0	0	71.550003	100.000000	16.000000	25.328787
Tree 957	46	1	0	0	1	0	1	0	0	0	0	70.674416	100.000000	24.000000	25.651258
Tree 958	52	0	1	0	0	0	1	1	0	0	1	85.000000	100.000000	30.000000	18.368118
Tree 959	46	0	0	0	0	0	1	0	0	0	0	57.000000	100.000000	16.000000	23.352705
Tree 960	54	0	0	0	0	0	1	0	0	0	0	77.019608	100.000000	23.000000	24.913565
Tree 961	44	0	0	0	0	0	0	0	0	0	0	75.048782	100.000000	21.000000	23.153728
Tree 962	53	0	0	0	0	0	1	0	0	0	0	85.080002	100.000000	43.000000	17.457193
Tree 963	47	1	1	1	0	0	1	1	0	0	1	80.931816	100.000000	26.000000	24.146709
Tree 964	44	0	?	0	1	0	0	1	1	0	1	84.317070	100.000000	49.000000	16.900625
Tree 965	51	0	1	1	1	1	1	0	1	0	1	77.916664	100.000000	37.000000	20.847498
Tree 966	51	0	1	1	0	0	0	0	0	0	0	78.500000	100.000000	25.000000	24.194525
Tree 967	56	0	0	0	1	1	0	0	0	0	1	76.773582	100.000000	19.000000	25.047611
Tree 968	54	0	0	0	0	0	0	0	0	0	0	77.392159	100.000000	36.000000	17.900682
Tree 969	55	0	0	0	0	0	1	0	0	0	0	72.730766	100.000000	23.000000	25.601320
Tree 970	53	0	0	0	0	0	0	0	0	0	1	79.220001	100.000000	26.000000	22.304520
Tree 971	53	0	0	0	0	1	0	0	0	0	0	76.180000	100.000000	14.000000	28.213255
Tree 972	43	0	0	0	0	0	0	0	0	0	0	62.750000	100.000000	11.000000	29.048019
Tree 973	52	0	0	0	1	1	1	0	1	0	1	85.326530	100.000000	41.000000	19.270775
Tree 974	43	1	0	0	0	0	1	0	0	0	1	78.650002	100.000000	19.000000	25.419039
Tree 975	53	0	0	0	0	0	0	1	0	0	0	81.559998	100.000000	28.000000	21.998325
Tree 976	50	1	0	0	0	0	0	0	0	0	0	80.063828	100.000000	16.000000	24.030483
Tree 977	53	1	0	0	0	1	0	1	1	0	1	81.820000	100.000000	27.000000	21.232702
Tree 978	53	0	1	0	0	0	1	0	0	0	1	85.019997	100.000000	30.000000	20.126089
Tree 979	54	0	0	0	0	0	0	0	0	0	0	74.470589	100.000000	11.000000	26.828688
Tree 980	46	0	0	0	0	0	0	0	0	0	1	53.372093	100.000000	7.000000	24.555605
Tree 981	51	0	0	0	0	0	0	0	0	0	0	71.270836	100.000000	24.000000	25.543053
Tree 982	51	1	0	0	0	1	0	1	0	0	0	76.604164	100.000000	11.000000	26.992855
Tree 983	50	0	0	0	0	0	1	0	0	0	0	81.702126	100.000000	10.000000	21.464384
Tree 984	48	1	0	0	0	0	1	1	0	0	0	79.755554	100.000000	19.000000	23.125895
Tree 985	57	0	0	0	0	0	0	0	0	0	0	78.018517	100.000000	28.000000	22.467667
Tree 986	43	0	0	0	0	0	0	1	0	0	1	80.675003	100.000000	40.000000	19.982977
Tree 987	44	0	0	0	0	0	0	0	0	0	0	72.609756	100.000000	24.000000	27.625437
Tree 988	56	0	0	0	0	0	1	0	0	0	0	80.320755	100.000000	24.000000	18.090729
Tree 989	54	1	0	1	0	1	0	1	1	0	1	84.431374	100.000000	32.000000	16.530725
Tree 990	55	0	0	0	0	1	1	0	0	0	0	79.865387	100.000000	7.000000	27.489178
Tree 991	54	0	0	0	1	0	1	1	0	0	0	79.137253	100.000000	13.000000	25.074024
Tree 992	51	1	0	0	0	0	0	1	0	0	0	81.041664	100.000000	13.000000	22.464750
Tree 993	45	0	0	0	0	0	1	1	0	0	0	84.952377	100.000000	27.000000	19.250174
Tree 994	48	0	0	0	0	0	0	0	0	0	0	71.488892	100.000000	27.000000	25.678026
Tree 995	51	0	1	0	0	1	0	1	0	0	0	76.604164	100.000000	11.000000	25.698364
Tree 996	45	0	0	1	0	0	1	1	0	0	1	78.571426	100.000000	23.000000	25.185163
Tree 997	46	0	0	0	0	0	0	0	0	0	0	69.581398	100.000000	14.000000	26.198910
Tree 998	50	0	0	0	0	0	0	1	0	0	0	72.723404	100.000000	11.000000	27.776997
Tree 999	47	1	0	0	1	1	1	0	1	0	0	77.863640	100.000000	19.000000	24.291403
Tree 1000	56	0	1	0	0	0	0	1	0	0	0	80.509438	100.000000	31.000000	17.694069
Tree 1001	49	0	1	0	0	0	0	0	0	0	0	77.239128	100.000000	19.000000	24.302605
Tree 1002	51	0	0	1	0	1	1	0	1	0	0	83.333336	100.000000	29.000000	20.822996
Tree 1003	51	0	0	0	0	0	0	1	0	0	0	71.708336	100.000000	13.000000	28.477297
Tree 1004	50	1	0	1	0	?	1	1	0	0	0	85.404259	100.000000	23.000000	19.565123
Tree 1005	48	1	0	1	1	0	1	1	0	0	0	83.800003	100.000000	38.000000	18.498766
Tree 1006	45	0	0	0	0	0	1	0	0	0	0	71.023811	99.000000	19.000000	24.136997
Tree 1007	53	0	0	1	0	0	0	1	1	0	1	85.839996	100.000000	39.000000	17.310528
Tree 1008	52	0	1	0	0	0	0	1	0	0	1	85.000000	100.000000	37.000000	19.374926
Tree 1009	48	0	0	0	0	0	1	1	0	0	0	86.133331	100.000000	41.000000	15.906114
Tree 1010	56	1	1	1	0	1	1	1	1	0	1	87.811317	100.000000	34.000000	19.867542
Tree 1011	54	1	0	0	0	1	1	1	0	0	1	82.254906	100.000000	29.000000	20.184292
Tree 1012	54	0	0	0	0	0	0	0	0	0	0	76.215683	100.000000	25.000000	23.934809
Tree 1013	54	0	0	0	0	0	0	0	0	0	0	76.647057	100.000000	28.000000	25.154287
Tree 1014	51	0	1	0	0	0	0	0	0	0	0	72.812500	100.000000	24.000000	25.033857
Tree 1015	53	0	1	0	0	0	0	1	0	0	0	75.180000	100.000000	26.000000	24.114471
Tree 1016	46	0	0	0	0	0	1	0	0	0	0	71.976746	100.000000	19.000000	25.385851
Tree 1017	56	0	1	1	0	0	0	1	0	0	0	80.754715	100.000000	35.000000	17.787958
Tree 1018	51	1	0	0	0	0	0	0	0	0	0	75.937500	100.000000	17.000000	24.235312
Tree 1019	50	0	0	0	0	0	0	1	0	0	0	78.191490	100.000000	28.000000	22.784502
Tree 1020	55	1	0	0	0	0	1	1	0	0	1	84.038460	100.000000	30.000000	19.689869
Tree 1021	58	0	1	0	1	0	0	1	0	0	1	80.254547	100.000000	19.000000	23.703638
Tree 1022	52	0	0	0	0	0	0	1	0	0	0	75.632652	100.000000	23.000000	25.374496
Tree 1023	56	0	0	0	0	1	0	1	0	0	0	82.962265	100.000000	13.000000	25.919296
Tree 1024	54	0	0	0	0	0	0	1	0	0	0	73.411766	100.000000	22.000000	26.355917
Tree 1025	51	0	0	0	0	0	1	0	0	0	0	72.270836	100.000000	26.000000	24.918818
Tree 1026	47	0	0	0	0	0	0	1	1	0	0	78.295456	100.000000	16.000000	23.974968
Tree 1027	50	0	0	0	0	1	1	1	0	0	1	83.787231	100.000000	38.000000	20.408524
Tree 1028	45	1	1	1	1	?	1	1	1	0	1	87.833336	100.000000	39.000000	16.978861
Tree 1029	53	0	0	1	0	0	0	0	0	0	0	77.559998	100.000000	22.000000	26.138214
Tree 1030	56	1	0	0	1	0	1	0	0	0	0	76.603775	100.000000	26.000000	23.093201
Tree 1031	44	0	0	0	0	0	0	0	0	0	0	57.317074	99.000000	8.000000	24.803066
Tree 1032	55	0	0	0	1	0	0	0	0	0	0	81.442307	100.000000	25.000000	23.997931
Tree 1033	53	0	1	0	0	0	0	1	0	0	1	75.800003	100.000000	27.000000	22.422310
Tree 1034	57	0	0	0	0	0	0	0	0	0	0	75.444443	100.000000	18.000000	24.435606
Tree 1035	50	1	0	0	0	0	1	0	0	0	0	76.617020	100.000000	17.000000	26.135941
Tree 1036	48	0	0	0	0	0	0	0	0	0	0	63.044445	100.000000	5.000000	27.098137
Tree 1037	46	0	0	0	0	0	0	0	0	0	0	72.255814	100.000000	4.000000	29.124508
Tree 1038	52	0	0	0	0	0	0	0	0	0	0	65.714287	100.000000	3.000000	30.344282
Tree 1039	53	1	1	0	0	0	0	0	0	0	0	80.480003	100.000000	16.000000	25.578300
Tree 1040	55	0	0	0	0	0	0	0	0	0	0	75.557693	100.000000	21.000000	22.002981
Tree 1041	46	0	0	1	0	1	1	1	0	0	0	84.418602	100.000000	17.000000	20.206184
Tree 1042	52	0	1	0	0	0	1	0	0	0	1	79.163269	100.000000	41.000000	17.545681
Tree 1043	48	1	1	1	0	1	1	1	1	0	1	86.400002	100.000000	30.000000	18.312593
Tree 1044	55	0	0	0	0	0	0	1	0	0	0	76.057693	100.000000	14.000000	24.703173
Tree 1045	55	0	0	0	0	0	0	0	0	0	0	72.865387	100.000000	23.000000	24.909861
Tree 1046	55	0	0	0	0	0	0	0	0	0	0	76.615387	100.000000	17.000000	25.210005
Tree 1047	47	0	0	0	0	0	0	1	0	0	0	69.886360	100.000000	14.000000	29.616655
Tree 1048	50	0	0	0	0	0	0	0	0	0	0	76.212769	100.000000	5.000000	27.282551
Tree 1049	51	0	1	0	0	1	1	1	0	0	1	87.375000	100.000000	34.000000	17.842628
Tree 1050	54	0	0	0	0	0	0	0	0	0	0	78.215683	100.000000	22.000000	23.182409
Tree 1051	52	0	0	0	0	0	0	1	0	0	0	71.916664	100.000000	6.000000	27.285398
Tree 1052	47	0	0	0	0	0	0	0	0	0	0	75.863640	100.000000	10.000000	28.283943
Tree 1053	45	1	1	1	1	1	1	1	1	0	1	84.666664	100.000000	24.000000	21.309139
Tree 1054	53	0	0	1	0	0	0	0	0	1	0	75.879997	100.000000	16.000000	23.646261
Tree 1055	52	0	0	0	0	0	0	0	0	0	0	76.551018	100.000000	29.000000	20.464069
Tree 1056	44	0	0	1	0	0	0	0	0	0	0	72.804878	100.000000	23.000000	25.055275
Tree 1057	52	0	1	0	0	1	1	0	0	0	0	84.265305	100.000000	22.000000	20.749012
Tree 1058	44	1	1	1	1	?	1	1	1	0	1	88.853661	100.000000	45.000000	15.955061
Tree 1059	48	0	0	0	0	0	1	1	0	0	0	82.400002	100.000000	41.000000	17.460300
Tree 1060	53	0	0	0	0	0	0	0	0	0	0	67.480003	100.000000	18.000000	30.346823
Tree 1061	45	0	0	0	0	1	0	0	0	0	0	62.547619	100.000000	9.000000	25.471931
Tree 1062	50	0	1	0	0	0	0	0	0	0	0	75.617020	100.000000	25.000000	22.398283
Tree 1063	51	0	0	1	0	0	0	0	0	1	0	79.604164	100.000000	34.000000	21.361706
Tree 1064	56	0	0	1	1	0	0	0	0	0	0	75.452827	100.000000	36.000000	22.461344
Tree 1065	55	0	1	0	0	0	0	1	0	0	0	78.442307	100.000000	20.000000	21.288687
Tree 1066	54	1	1	0	0	0	1	0	0	0	0	78.627449	100.000000	33.000000	22.659422
Tree 1067	51	0	0	0	0	0	0	0	0	0	0	72.916664	100.000000	11.000000	25.396715
Tree 1068	47	1	1	1	0	1	0	0	1	0	1	86.545456	100.000000	39.000000	18.711267
Tree 1069	50	0	0	0	0	0	1	1	0	0	0	82.234039	100.000000	30.000000	19.989584
Tree 1070	44	0	0	0	0	0	0	1	0	0	0	74.512192	100.000000	16.000000	29.581736
Tree 1071	56	0	1	0	0	0	1	1	0	0	1	89.754715	100.000000	47.000000	15.294476
Tree 1072	51	0	0	0	1	0	0	1	0	0	0	69.333336	100.000000	15.000000	29.881247
Tree 1073	45	0	0	0	0	0	0	1	0	0	0	63.476189	100.000000	22.000000	27.490461
Tree 1074	54	0	0	0	0	0	0	1	0	0	0	69.882355	100.000000	19.000000	27.536533
Tree 1075	47	0	0	0	0	0	0	0	0	0	0	63.477272	100.000000	17.000000	25.190626
Tree 1076	55	1	1	0	0	1	1	0	0	0	0	80.807693	100.000000	28.000000	21.783056
Tree 1077	52	0	0	0	0	0	0	0	0	0	0	70.938774	100.000000	20.000000	26.795071
Tree 1078	48	0	0	0	0	0	0	1	0	0	0	67.822220	100.000000	16.000000	26.613522
Tree 1079	47	0	0	0	0	0	0	1	0	0	0	74.863640	100.000000	25.000000	24.355875
Tree 1080	52	0	0	0	1	0	0	0	0	0	1	82.673470	100.000000	31.000000	19.445778
Tree 1081	45	0	0	1	0	0	0	1	0	0	0	79.976189	100.000000	22.000000	23.680904
Tree 1082	48	0	0	1	0	0	0	0	0	0	0	72.266670	100.000000	15.000000	28.261791
Tree 1083	55	0	0	1	0	0	0	0	0	0	0	77.019234	100.000000	29.000000	22.810669
Tree 1084	53	0	1	0	0	0	0	0	1	0	1	81.279999	100.000000	26.000000	22.057232
Tree 1085	50	0	0	0	0	0	0	0	0	0	0	71.829788	100.000000	17.000000	26.068094
Tree 1086	51	0	0	0	0	1	1	0	0	0	0	77.270836	100.000000	23.000000	22.894451
Tree 1087	52	0	1	0	0	0	0	0	0	0	0	76.224487	100.000000	25.000000	24.354746
Tree 1088	50	0	0	0	1	0	0	1	0	0	0	72.957443	100.000000	15.000000	26.736666
Tree 1089	51	0	0	0	0	1	0	0	0	0	0	72.041664	100.000000	7.000000	24.772261
Tree 1090	52	0	0	0	0	0	1	0	0	0	0	81.122452	100.000000	28.000000	22.682037
Tree 1091	55	0	0	0	0	0	0	0	0	0	0	76.134613	100.000000	26.000000	24.411558
Tree 1092	56	0	1	0	0	0	0	1	0	0	0	75.849060	100.000000	19.000000	26.618477
Tree 1093	49	0	0	0	0	0	0	1	0	0	0	71.847824	100.000000	20.000000	24.939026
Tree 1094	49	0	0	0	0	0	0	0	0	0	0	68.586960	100.000000	13.000000	28.282410
Tree 1095	53	0	0	1	0	0	0	1	0	0	1	80.540001	100.000000	10.000000	25.378109
Tree 1096	51	0	0	0	0	0	0	0	0	0	0	81.500000	100.000000	31.000000	20.619570
Tree 1097	48	0	1	0	0	0	0	0	0	0	0	77.622223	100.000000	21.000000	22.810612
Tree 1098	57	0	0	1	0	0	1	0	0	0	1	83.129631	100.000000	34.000000	19.777510
Tree 1099	46	0	0	0	0	0	0	1	0	0	0	75.744186	100.000000	24.000000	21.749197
Tree 1100	55	0	0	0	1	0	1	1	0	0	1	83.038460	100.000000	36.000000	19.323122
Tree 1101	55	0	1	0	0	0	0	1	0	0	1	81.538460	100.000000	20.000000	21.167336
Tree 1102	52	0	1	0	0	0	0	0	0	0	0	73.469391	100.000000	30.000000	24.254686
Tree 1103	49	0	0	0	0	0	0	0	0	0	0	72.869568	100.000000	17.000000	25.396519
Tree 1104	45	1	1	1	1	1	1	1	0	0	1	80.238098	100.000000	29.000000	23.084536
Tree 1105	58	1	0	0	0	0	0	0	0	0	0	70.545456	100.000000	4.000000	29.894855
Tree 1106	56	1	0	1	0	0	1	0	0	0	0	79.509438	100.000000	22.000000	23.820572
Tree 1107	49	0	1	0	1	0	0	1	0	0	0	72.391304	100.000000	27.000000	24.105274
Tree 1108	59	0	0	0	0	0	1	0	0	0	0	75.857140	100.000000	14.000000	26.105164
Tree 1109	51	0	0	0	0	0	0	1	0	0	0	69.458336	100.000000	9.000000	30.740824
Tree 1110	51	0	0	0	1	0	0	1	0	0	1	81.375000	100.000000	23.000000	23.525362
Tree 1111	50	1	0	0	0	0	0	1	0	0	0	78.085106	100.000000	5.000000	27.583397
Tree 1112	49	0	0	0	0	0	0	0	0	0	0	73.978264	100.000000	19.000000	27.381752
Tree 1113	53	0	0	0	0	0	0	1	0	0	1	79.860001	100.000000	17.000000	23.198282
Tree 1114	52	0	0	0	0	0	0	1	0	0	0	80.795921	100.000000	46.000000	18.710447
Tree 1115	53	0	0	0	1	0	0	1	0	0	0	76.120003	100.000000	19.000000	24.038002
Tree 1116	49	0	0	0	0	0	0	1	0	0	0	77.086960	100.000000	14.000000	26.500063
Tree 1117	46	0	0	1	0	0	1	0	0	0	0	76.767441	100.000000	17.000000	25.576914
Tree 1118	44	0	1	0	0	0	0	0	0	0	1	81.439026	100.000000	27.000000	21.148775
Tree 1119	54	0	0	0	0	0	0	1	0	0	0	81.411766	100.000000	23.000000	22.017080
Tree 1120	51	0	0	0	0	0	0	1	0	0	1	76.520836	100.000000	14.000000	26.295588
Tree 1121	53	0	1	1	1	0	0	1	0	0	1	80.580002	100.000000	28.000000	23.865534
Tree 1122	47	0	0	0	1	0	0	1	1	0	1	85.568184	100.000000	32.000000	20.074179
Tree 1123	51	1	1	1	1	1	1	0	1	0	1	91.375000	100.000000	53.000000	12.509372
Tree 1124	45	0	1	0	0	0	1	1	0	0	0	74.142860	100.000000	14.000000	25.477880
Tree 1125	49	0	0	0	1	1	1	0	0	0	1	79.652176	100.000000	14.000000	24.484438
Tree 1126	52	1	1	1	1	1	1	1	1	0	1	84.469391	100.000000	16.000000	22.312346
Tree 1127	46	1	0	1	0	0	0	1	0	0	0	82.232559	100.000000	33.000000	21.538322
Tree 1128	49	0	0	0	0	0	0	0	0	0	0	69.630432	100.000000	8.000000	29.265177
Tree 1129	53	0	1	0	0	0	1	0	0	0	1	71.900002	100.000000	25.000000	23.368568
Tree 1130	53	0	0	0	0	0	0	0	0	0	0	72.839996	100.000000	20.000000	27.784428
Tree 1131	53	0	0	0	0	0	0	0	0	0	0	70.180000	100.000000	23.000000	26.664347
Tree 1132	49	1	1	0	0	0	0	1	0	0	1	80.782608	100.000000	22.000000	21.256113
Tree 1133	50	0	0	0	0	0	0	0	0	0	0	65.723404	100.000000	28.000000	24.803656
Tree 1134	56	0	0	0	0	0	0	1	0	0	1	71.792450	100.000000	9.000000	27.042494
Tree 1135	49	1	0	0	0	1	1	0	1	0	0	76.173912	100.000000	28.000000	19.318050
Tree 1136	52	0	0	0	0	0	1	1	0	0	0	78.244896	100.000000	38.000000	22.095831
Tree 1137	43	1	1	0	1	0	1	1	0	1	1	88.099998	100.000000	57.000000	12.932132
Tree 1138	53	1	0	0	0	0	0	0	0	0	0	62.459999	100.000000	20.000000	26.229914
Tree 1139	49	0	0	0	0	0	0	0	0	0	0	68.543480	100.000000	7.000000	30.366390
Tree 1140	54	0	1	0	0	0	0	0	0	0	0	75.607841	100.000000	20.000000	24.954922
Tree 1141	54	0	1	0	0	0	1	1	0	0	0	81.764709	100.000000	19.000000	22.880413
Tree 1142	50	0	0	0	0	0	0	1	0	0	0	76.638298	100.000000	18.000000	27.327349
Tree 1143	51	1	0	0	0	0	0	0	0	0	0	75.687500	100.000000	11.000000	21.929960
Tree 1144	47	0	0	0	0	0	0	1	0	0	1	76.727272	100.000000	28.000000	23.297836
Tree 1145	49	1	1	1	1	1	0	0	1	0	1	82.152176	100.000000	27.000000	21.201893
Tree 1146	48	0	1	0	0	1	0	1	0	0	0	84.911110	100.000000	33.000000	20.720169
Tree 1147	50	0	1	0	1	0	0	0	0	0	1	74.893616	100.000000	23.000000	20.667820
Tree 1148	47	1	1	1	0	0	1	0	1	0	1	86.886360	100.000000	43.000000	16.569712
Tree 1149	52	0	0	0	0	0	0	0	0	0	0	74.081635	100.000000	3.000000	26.023411
Tree 1150	44	1	0	0	0	1	1	1	1	0	0	82.658539	100.000000	27.000000	23.143887
Tree 1151	45	0	0	0	0	0	1	0	0	0	1	78.738098	100.000000	23.000000	20.612131
Tree 1152	53	0	0	0	0	0	0	0	0	0	0	67.699997	100.000000	12.000000	26.132164
Tree 1153	51	0	0	0	0	0	0	0	0	0	0	74.625000	100.000000	26.000000	25.184837
Tree 1154	53	1	1	0	0	0	0	0	0	0	1	86.500000	100.000000	26.000000	17.498857
Tree 1155	50	0	0	0	0	0	0	0	0	0	0	69.446808	100.000000	24.000000	24.839752
Tree 1156	45	0	1	0	0	0	0	0	0	0	0	68.976189	100.000000	17.000000	23.373253
Tree 1157	52	0	1	0	0	0	0	1	0	0	0	80.408165	100.000000	23.000000	21.203503
Tree 1158	52	1	0	0	0	0	0	0	1	0	0	79.469391	100.000000	20.000000	24.487482
Tree 1159	54	0	1	1	0	1	1	1	0	0	1	89.392159	100.000000	32.000000	15.541316
Tree 1160	44	1	1	0	0	0	1	1	0	0	0	78.878052	100.000000	9.000000	25.537340
Tree 1161	48	0	0	0	0	0	0	1	0	0	0	72.288887	100.000000	14.000000	27.747770
Tree 1162	56	0	0	0	0	0	1	1	0	0	0	71.811317	100.000000	23.000000	22.792797
Tree 1163	51	0	1	0	1	0	1	0	0	0	1	80.687500	100.000000	29.000000	21.920458
Tree 1164	50	0	1	0	0	0	0	0	0	0	0	77.468086	100.000000	19.000000	25.542500
Tree 1165	52	0	0	0	0	0	0	1	0	0	0	73.530609	100.000000	29.000000	21.608860
Tree 1166	48	1	1	0	0	1	0	0	0	0	1	71.133331	100.000000	0.000000	28.684952
Tree 1167	46	0	0	0	0	0	0	?	0	0	0	64.162788	100.000000	8.000000	27.108679
Tree 1168	53	1	0	0	0	1	0	1	1	0	0	84.440002	100.000000	31.000000	18.915768
Tree 1169	53	0	0	0	0	0	0	0	0	0	0	77.839996	100.000000	22.000000	24.076015
Tree 1170	51	0	0	0	0	0	1	0	0	0	1	77.145836	100.000000	19.000000	24.416515
Tree 1171	53	1	1	1	1	0	1	1	0	1	0	85.540001	100.000000	22.000000	18.408924
Tree 1172	56	0	0	0	0	1	0	0	0	0	0	67.905663	100.000000	9.000000	29.874746
Tree 1173	49	1	1	1	1	1	0	1	1	0	0	85.913040	100.000000	33.000000	17.451580
